0 8
1 7
2 2007
3 13
4 14
5 2006
6 12
6 13
7 11
7 2007
7 12
8 11
8 2394
9 10
10 22
10 2394
10 21
10 20
11 12
11 2394
12 13
12 19
12 18
13 2006
13 18
13 17
14 17
14 1733
14 16
14 1732
15 16
16 1733
16 1764
16 1765
17 2006
17 2004
17 18
17 1732
17 1731
18 19
18 2004
19 2394
19 20
19 2005
20 26
20 21
20 2394
20 2005
21 24
21 25
21 26
22 23
24 31
24 30
24 25
25 30
25 26
25 28
26 2005
26 27
26 28
27 1729
27 2005
27 28
27 1728
28 29
28 2396
28 30
28 1728
28 1727
29 30
29 2396
29 36
29 37
30 31
30 36
31 32
31 35
32 33
34 35
35 38
36 37
36 38
37 2396
37 38
37 1724
37 1725
38 40
38 39
38 1724
39 40
39 44
39 1724
39 45
39 1723
40 41
40 44
41 42
43 44
44 51
44 50
44 45
45 50
45 49
45 1723
45 46
46 1723
46 49
46 1722
46 47
47 1722
47 48
47 1720
47 1721
48 49
48 58
48 1720
48 1718
48 1719
49 50
49 57
49 58
50 51
50 55
50 56
50 57
51 55
51 52
52 53
54 55
55 56
56 62
56 57
56 61
56 60
57 58
57 60
58 1719
58 60
58 59
59 1709
59 60
59 1708
60 61
60 67
60 1708
60 68
61 62
61 66
61 67
62 63
62 66
64 65
65 66
66 73
66 67
66 72
67 68
67 72
68 69
68 2409
69 1708
69 70
69 1688
70 1688
70 1687
70 1677
70 2409
71 2409
71 72
71 1677
71 79
71 78
72 73
72 2409
72 77
72 78
73 74
74 75
76 85
77 78
77 84
78 79
79 1677
79 80
80 81
80 1676
81 2408
81 1675
81 90
82 83
83 84
84 85
86 87
87 88
88 89
88 96
89 90
89 94
90 91
91 2408
91 92
91 1665
92 94
92 93
92 1664
93 1653
93 1637
94 95
94 1636
94 1637
95 101
96 97
96 100
97 98
98 99
98 100
99 2407
99 100
99 174
100 102
100 175
100 101
101 102
101 1636
102 171
102 175
102 103
102 2414
102 104
103 104
104 1634
104 1635
104 2414
104 105
105 111
105 112
105 106
105 2414
106 111
106 109
106 107
106 1633
106 1634
107 108
107 1633
108 109
108 2415
109 117
109 116
109 111
110 117
110 115
110 121
111 116
111 114
111 112
112 2414
112 114
113 2410
113 171
113 170
113 2414
113 114
114 2410
114 115
114 116
115 122
115 116
115 2410
116 117
117 2411
118 119
118 2411
120 121
120 2411
120 128
120 126
121 2411
121 124
121 122
121 125
122 123
122 2410
122 164
122 124
123 164
123 157
123 163
123 124
124 157
124 125
124 133
124 156
125 126
125 132
126 127
126 128
127 130
127 129
127 128
127 132
128 129
129 2314
129 1598
130 136
130 131
130 1598
130 1599
131 135
131 132
131 133
132 133
133 134
133 156
133 135
134 156
134 135
134 150
134 149
135 138
135 149
136 137
136 1599
137 1599
137 138
137 1601
137 1600
138 149
138 139
138 1601
138 179
139 140
139 149
139 148
139 179
140 141
140 178
140 148
140 179
141 147
141 177
141 178
141 148
142 143
142 146
142 147
143 176
144 146
145 153
145 152
145 146
146 152
147 151
147 152
148 151
148 149
149 150
150 2412
150 155
150 151
151 155
151 152
152 153
152 155
153 154
154 158
154 155
155 2412
156 157
156 2412
157 2412
157 2413
158 161
158 162
158 2412
158 2413
159 160
160 161
161 162
162 165
162 164
162 163
163 164
163 2413
164 170
164 165
164 2410
165 169
165 170
166 173
166 168
167 168
168 174
169 172
169 170
170 172
170 171
170 2410
171 175
171 2414
172 175
174 175
177 182
177 181
177 178
178 181
178 179
178 180
179 1602
179 180
179 1603
180 181
180 186
180 2483
181 186
181 185
181 182
182 184
182 183
182 185
184 190
185 2472
185 186
185 190
186 2472
186 2483
187 2483
187 188
187 1604
187 1608
187 2472
188 2472
188 1610
188 194
188 193
188 189
188 1608
189 2472
189 193
189 190
190 192
190 191
192 198
192 197
192 196
192 193
193 195
193 194
194 2475
194 1611
194 1610
195 2475
195 196
196 201
196 197
196 2475
196 2474
197 198
197 200
197 199
198 199
199 204
199 203
200 203
200 201
201 202
201 203
201 2474
201 2473
202 203
202 2473
202 2478
203 205
205 207
205 206
206 209
207 208
209 210
210 211
212 1631
213 217
213 215
214 215
215 219
216 217
217 1631
217 1630
217 218
218 1629
218 1630
218 1493
218 1489
219 220
219 221
219 223
222 1488
222 227
223 224
223 226
224 225
225 230
226 229
227 228
227 1487
229 234
230 231
232 233
233 234
234 237
235 1486
235 236
236 2491
236 242
237 238
238 239
240 241
241 242
243 1483
243 244
243 245
243 246
247 1483
247 1479
247 248
248 1479
248 249
248 250
251 252
251 2493
252 1473
252 253
252 257
252 258
254 257
255 258
255 259
255 256
255 262
256 262
256 1448
257 258
258 2494
258 1448
259 260
259 262
261 265
262 263
262 265
263 264
263 265
264 1448
265 2499
266 267
267 2499
267 273
268 271
268 2514
269 2514
269 270
270 271
270 1444
271 2392
272 273
274 2500
274 277
275 2392
275 276
276 814
278 2500
278 279
278 288
279 288
280 288
281 288
281 286
281 282
282 283
283 285
284 2393
284 285
286 287
288 290
289 290
291 292
292 590
292 295
293 590
293 296
293 297
294 590
297 302
298 587
298 300
298 299
299 301
301 304
303 306
303 304
305 307
305 569
307 308
308 309
309 310
309 311
311 314
311 312
313 314
313 367
314 315
316 317
317 365
318 319
319 320
320 321
321 322
321 325
322 323
322 345
323 324
323 329
324 328
325 326
327 328
329 330
331 332
332 333
332 334
333 344
334 335
334 336
336 416
336 415
337 339
337 338
338 414
339 340
340 341
341 347
342 347
343 347
344 345
346 347
347 350
348 351
349 351
350 351
351 2388
352 353
352 358
352 359
353 2388
354 355
355 357
355 371
355 2388
356 357
359 360
359 361
360 363
361 362
362 364
364 365
366 367
368 370
369 374
370 374
371 2387
372 373
372 376
373 374
375 2387
376 377
377 378
377 379
379 380
380 381
381 382
381 383
383 385
384 387
384 385
384 541
386 389
387 389
387 541
387 418
388 389
388 417
390 417
391 393
391 417
392 817
392 421
394 397
394 395
394 817
396 401
396 397
398 399
399 400
400 403
401 402
402 405
402 403
403 404
405 406
406 2504
407 2504
408 409
409 411
410 411
410 2505
412 415
413 415
413 414
417 2506
417 418
418 419
419 426
420 421
420 2506
422 424
423 424
424 425
424 430
425 428
425 429
426 428
427 428
428 432
431 432
432 433
433 435
434 435
435 436
436 441
436 437
437 438
439 446
440 445
440 444
440 441
441 442
443 444
444 461
445 460
445 2503
445 448
445 446
446 447
448 450
449 453
449 451
449 457
451 452
452 462
453 463
454 455
454 464
454 463
454 456
456 458
457 2503
458 459
459 2503
465 498
465 466
465 493
465 496
466 2522
466 474
466 475
466 493
466 492
467 2522
467 474
467 473
467 468
468 469
468 2522
468 473
469 470
469 471
469 472
469 473
472 477
472 478
472 473
473 476
473 477
473 474
474 476
474 475
475 492
475 476
476 477
476 481
476 2543
476 487
476 492
476 2545
477 480
477 478
477 2543
478 479
478 480
479 480
480 2527
480 481
480 2543
481 2527
481 2543
481 2545
482 2546
482 483
482 484
483 2544
483 592
483 484
483 610
484 486
484 611
484 485
484 610
485 488
485 611
486 488
486 2546
486 489
487 492
487 2545
487 489
488 489
488 494
489 490
489 2546
489 494
490 494
490 495
490 492
490 491
491 496
491 495
491 493
491 492
492 493
494 495
495 501
495 502
495 496
496 497
496 501
496 498
497 501
497 498
497 499
497 500
498 499
499 504
499 500
500 501
500 504
501 502
501 503
501 504
502 503
502 507
503 507
503 504
503 506
504 505
505 510
505 506
506 509
506 508
507 2553
507 508
508 509
508 2553
508 512
508 513
508 743
509 510
509 512
510 511
510 512
511 524
511 518
511 512
512 517
512 513
512 514
513 514
513 745
514 515
514 517
514 746
514 745
515 516
515 756
516 519
516 517
517 518
518 520
518 519
519 521
520 523
520 521
521 522
522 523
522 526
522 525
523 525
523 524
524 525
525 528
525 526
525 529
526 527
526 528
527 528
527 539
527 530
528 529
528 539
528 541
529 541
530 539
530 538
530 533
530 531
530 2507
531 532
532 533
532 534
532 535
533 2507
533 534
534 535
534 536
534 537
535 537
536 542
536 2513
537 2511
537 542
538 540
538 2391
538 539
538 2507
539 540
540 541
542 544
542 2512
543 546
543 2511
544 546
544 2511
544 2512
545 546
546 554
546 547
548 549
548 553
548 550
548 2510
549 550
549 583
549 779
550 552
550 584
550 551
550 583
550 553
551 584
551 552
552 556
552 555
552 2508
553 554
555 556
556 559
556 557
557 558
557 559
558 2387
558 559
559 560
560 561
560 2390
561 562
561 2389
561 2390
562 563
563 564
564 565
565 566
566 567
567 2502
568 2502
568 570
569 571
569 570
570 571
572 585
572 573
573 574
574 575
575 576
576 577
577 578
578 579
579 581
580 581
581 582
582 584
582 583
582 2539
583 584
583 2509
585 2501
585 2393
585 588
586 2501
586 591
587 588
589 2501
590 591
592 2544
592 593
592 610
593 594
593 609
594 595
594 607
595 596
595 607
595 605
596 597
596 605
597 2556
597 603
598 1056
598 1054
599 2556
599 600
599 602
600 1036
600 2562
601 602
601 2562
601 1037
601 618
602 603
602 617
602 2556
602 618
603 604
603 617
604 605
604 616
604 617
605 606
606 615
607 614
607 608
608 609
608 614
609 610
609 612
609 613
611 612
612 671
612 613
613 2557
613 671
613 614
614 615
614 2557
614 623
615 616
615 623
616 622
617 618
617 621
617 622
618 618
618 619
618 621
618 1037
618 1042
619 620
619 621
619 1042
620 621
620 625
620 626
620 1043
621 622
622 623
622 624
623 2561
623 2557
624 630
624 2561
625 630
626 627
626 1043
626 1046
627 629
627 628
627 636
627 1047
628 634
628 629
628 635
628 636
629 630
630 631
630 634
631 2561
631 632
631 670
632 668
632 667
632 633
632 670
633 641
633 667
633 634
634 640
634 635
635 640
635 639
635 638
636 638
636 637
637 1033
637 1047
637 638
637 1034
638 1034
639 647
639 646
640 641
640 645
640 646
641 643
641 642
642 667
642 666
642 665
643 664
643 644
644 660
644 663
644 645
645 652
645 646
646 651
646 652
646 647
647 648
648 649
648 650
648 651
649 655
649 650
650 651
650 654
651 653
651 652
652 659
652 660
652 653
653 654
653 658
653 659
654 657
654 655
655 656
656 2563
656 2564
657 2563
657 658
658 693
658 659
659 661
659 660
660 663
660 662
661 662
661 692
662 691
662 663
663 689
663 682
663 664
663 690
664 665
664 682
665 681
665 666
666 677
666 667
667 668
668 670
668 669
669 672
669 677
669 676
670 672
670 2557
671 2557
671 673
671 672
672 676
672 673
673 674
673 676
674 675
675 2560
675 677
675 676
676 677
677 679
677 678
678 679
678 681
679 680
679 681
679 2560
680 683
680 684
680 685
680 681
681 683
682 689
682 683
683 684
684 685
684 686
684 687
684 689
685 686
686 741
686 687
687 741
687 720
687 688
687 719
688 719
688 2559
688 689
689 690
689 2559
690 711
690 691
691 710
691 709
692 709
692 693
693 694
694 2563
694 696
695 696
695 708
696 698
696 697
696 2563
697 708
697 706
697 698
697 701
698 699
699 700
699 2566
700 701
700 702
701 703
701 702
701 706
702 703
702 2567
703 705
703 914
703 727
704 727
704 725
704 705
705 715
705 706
705 707
706 707
706 708
707 714
707 708
707 709
708 709
710 711
710 714
710 713
711 712
712 718
712 713
713 714
713 716
714 715
714 716
715 725
716 724
716 717
717 722
717 724
717 718
718 721
718 719
719 721
719 2559
720 741
720 721
720 740
721 740
721 2548
721 722
722 738
722 2548
722 723
723 738
723 735
723 734
723 724
724 734
724 733
724 725
725 726
725 733
725 727
726 733
726 730
726 728
726 727
727 728
728 853
728 729
729 730
729 850
729 853
730 733
731 732
731 852
732 736
732 733
732 735
733 734
734 735
735 737
736 754
736 737
736 751
737 751
737 738
738 739
738 750
738 2548
739 749
739 744
739 742
739 2548
739 750
739 740
740 742
740 741
740 2548
741 742
741 2553
742 743
742 2553
742 744
743 744
743 745
744 746
744 748
744 749
745 746
746 747
747 756
747 748
748 753
748 752
749 752
749 750
750 751
751 752
752 754
752 753
753 756
753 754
753 755
754 758
755 756
755 757
757 760
757 758
757 759
758 759
759 761
759 760
760 762
760 761
761 762
761 763
762 763
762 764
763 764
763 765
764 765
764 766
765 766
765 767
765 2537
766 768
766 767
767 769
768 770
768 771
768 769
769 770
769 2537
770 771
770 772
771 773
772 774
772 773
772 775
773 774
774 775
774 777
775 777
775 776
776 777
776 786
776 826
777 778
777 786
778 779
779 785
779 2509
779 786
780 2509
780 781
780 783
780 782
780 784
780 785
781 2509
781 782
781 2523
781 2539
782 2523
782 790
782 783
782 791
783 789
783 790
783 788
783 784
784 788
784 785
784 787
785 2509
785 786
785 787
786 826
786 787
787 824
787 826
787 788
787 822
788 789
788 822
788 821
789 790
789 818
789 821
790 791
790 795
790 818
791 2523
791 793
791 794
791 792
792 793
792 2524
792 794
793 2523
794 2524
794 797
794 795
795 796
796 797
796 819
796 818
797 798
797 800
797 2542
798 799
798 819
799 801
799 800
799 2526
800 802
800 803
800 801
800 2542
801 802
801 2526
801 1428
802 803
802 804
803 806
803 2524
803 804
804 805
804 806
804 804
805 807
805 806
806 808
807 810
807 809
807 808
808 809
809 811
809 812
810 2515
810 811
811 812
811 811
811 816
812 813
813 814
815 816
815 1443
818 2541
818 821
819 2526
819 2541
819 856
820 823
820 821
820 2541
820 855
821 822
822 823
823 854
823 824
823 855
824 826
824 825
825 2538
825 827
825 826
826 828
826 827
827 829
828 830
828 829
829 831
829 830
829 912
830 832
830 831
830 833
831 833
832 834
832 833
833 835
833 912
834 836
834 835
835 836
835 837
836 2537
836 838
836 837
837 838
837 839
837 881
838 840
838 841
839 841
840 841
840 842
840 840
840 2525
840 844
841 842
841 843
842 844
842 843
842 845
843 884
843 845
844 845
844 2525
844 846
845 846
845 847
846 847
846 848
847 913
847 848
847 849
848 2551
848 2552
848 850
849 913
849 851
849 850
850 851
850 2551
850 853
851 913
851 853
852 2551
853 914
854 858
854 2547
854 2538
855 857
855 856
855 2541
856 2526
856 857
856 861
857 861
857 862
857 858
857 860
858 860
858 859
858 2547
859 2547
859 865
859 864
859 860
859 868
860 862
860 864
861 2540
861 2526
861 862
862 2540
862 2520
862 863
863 2521
863 2520
863 864
864 865
865 866
865 867
865 868
866 2521
866 874
866 2549
867 2549
867 872
867 868
868 2547
868 2550
869 2538
869 2547
869 2550
870 2550
870 871
870 878
871 872
871 877
872 2550
872 873
872 876
873 874
873 2549
873 875
874 1347
874 910
875 911
875 876
876 877
876 909
877 878
878 879
879 880
879 909
880 881
880 882
881 912
881 884
881 882
882 908
882 883
883 884
883 906
883 905
884 885
885 886
885 906
885 902
885 901
886 913
886 887
886 902
887 902
887 888
888 889
888 900
888 902
889 975
889 890
889 973
890 2558
890 900
890 976
890 973
891 892
891 2558
891 899
891 915
891 893
891 972
891 976
892 897
892 893
893 897
893 894
893 896
893 915
894 895
894 917
894 916
895 896
895 2471
895 917
896 898
896 897
897 899
897 903
897 898
898 903
899 903
899 901
899 2558
899 900
900 902
900 2558
900 901
901 902
901 906
901 903
903 904
904 907
904 905
904 906
905 906
905 908
905 907
907 1336
907 910
907 908
908 909
909 910
909 911
912 2538
913 975
914 975
914 974
915 916
916 917
916 918
917 921
917 2471
917 918
918 923
918 925
918 921
918 926
919 1324
919 2471
919 920
919 921
920 922
920 923
921 2471
921 923
922 1323
922 924
922 923
922 925
923 925
924 928
924 925
924 927
924 931
925 927
925 926
926 927
926 932
926 930
927 931
927 930
928 929
928 931
929 935
929 931
929 934
930 934
930 932
930 931
930 939
930 933
932 933
933 940
933 939
934 938
934 935
935 936
935 938
936 1317
936 937
936 938
937 2565
937 952
937 1317
937 938
938 939
938 2565
939 940
939 2565
940 949
940 941
940 2565
941 942
941 943
941 944
941 949
942 943
943 945
943 944
944 949
944 945
945 948
945 946
946 947
947 958
947 948
947 960
947 959
948 958
948 950
948 949
948 956
949 950
950 956
950 2565
951 956
951 952
951 953
951 955
952 2565
952 953
952 1317
953 1317
953 954
953 1316
954 2575
954 955
954 986
954 985
954 1316
955 986
955 956
956 957
956 958
957 959
957 984
957 986
958 959
959 960
959 2572
959 981
960 961
960 981
961 962
961 979
961 978
961 981
962 963
962 978
963 966
963 964
963 965
964 965
964 978
965 2564
965 2566
965 966
966 967
966 968
967 968
967 969
968 977
968 969
969 971
969 977
969 970
969 2567
970 972
970 976
970 971
970 977
971 976
971 973
971 2567
972 976
973 975
973 976
973 974
974 975
976 2558
978 991
978 979
979 990
979 981
979 980
980 981
980 988
980 987
980 982
981 982
982 2572
982 987
982 1161
982 1162
983 984
983 1161
983 985
983 2580
984 2572
984 1161
985 1248
985 2575
985 2580
987 1162
987 994
987 995
987 996
988 989
988 994
989 990
989 993
990 991
991 1006
991 992
992 1006
992 993
993 1004
993 1003
993 994
994 995
995 1000
995 996
996 997
996 1158
996 1160
997 1000
997 998
998 999
998 1018
999 1017
999 1000
1001 1016
1001 1002
1002 1014
1003 1014
1003 1004
1004 1005
1004 1008
1005 1007
1005 1006
1005 2571
1006 2571
1007 1010
1007 2571
1007 1009
1007 1008
1008 1009
1008 1013
1008 1014
1009 1010
1009 1011
1009 1013
1010 1035
1011 1012
1011 1035
1011 1028
1011 2574
1011 2573
1012 1013
1012 1024
1013 1022
1013 1024
1014 1015
1015 1022
1015 1016
1017 1020
1017 1019
1018 1019
1019 1020
1019 1073
1020 1021
1021 1072
1021 1022
1022 1023
1022 1072
1023 1025
1023 1024
1023 1071
1023 1070
1023 1072
1024 1025
1024 2574
1025 1026
1025 2574
1025 1069
1025 1070
1026 1028
1026 1027
1026 2574
1027 1067
1027 1029
1027 1069
1028 2573
1028 1029
1028 2574
1029 2573
1029 1030
1030 1049
1030 1048
1030 1031
1030 1067
1031 1032
1031 1048
1031 1046
1031 1047
1032 2573
1032 1033
1033 1034
1033 1047
1034 1035
1034 2573
1035 2573
1036 1038
1036 1040
1036 2562
1037 1040
1037 1042
1037 1041
1038 1055
1038 1039
1039 1040
1039 1053
1039 1052
1039 1041
1040 2562
1040 1041
1041 1042
1041 1045
1042 1043
1042 1045
1042 1044
1043 1044
1044 1046
1044 1045
1044 1050
1045 1052
1045 1051
1046 1047
1048 1050
1048 1049
1049 1050
1049 2569
1049 1067
1049 1065
1050 1051
1051 2569
1051 1062
1051 1052
1051 1063
1052 1062
1053 2555
1053 1055
1054 1055
1054 2555
1056 1057
1056 1061
1056 2555
1057 1058
1057 1081
1057 1061
1058 1059
1058 1082
1058 1083
1059 1060
1060 1093
1060 1083
1060 1084
1061 1081
1061 1062
1061 1063
1061 2555
1062 1063
1062 2555
1063 2569
1063 1080
1063 1064
1063 1081
1064 1065
1064 2568
1064 1080
1065 2569
1065 1066
1066 1067
1066 2568
1066 1068
1067 1068
1068 2568
1068 1077
1068 1079
1068 1069
1068 1076
1069 1079
1069 1070
1070 1079
1070 1071
1071 2577
1071 1079
1071 1075
1071 1072
1072 2577
1073 2577
1073 2554
1074 1089
1074 2577
1074 1075
1074 2554
1075 2577
1075 1079
1075 1076
1075 1088
1075 1089
1076 1087
1076 1077
1076 1079
1077 1078
1077 1087
1078 2568
1078 1080
1078 1087
1078 1086
1080 1086
1080 1081
1081 1085
1081 1082
1081 1086
1082 1085
1083 1085
1083 1084
1084 1092
1084 1093
1084 1085
1084 1091
1084 1087
1084 1086
1085 1086
1086 1087
1087 1091
1087 1088
1088 1090
1088 1089
1089 2554
1089 1122
1090 1091
1090 1123
1091 1092
1092 1094
1092 1093
1092 1092
1092 2581
1093 1094
1094 1095
1095 1096
1095 1124
1095 1125
1096 1097
1096 1126
1096 1125
1097 1098
1097 1126
1098 1099
1098 1127
1098 1126
1099 1100
1099 1129
1099 1127
1100 1101
1101 1102
1101 2582
1101 1134
1101 1129
1102 1103
1102 1134
1103 1104
1103 1138
1104 1105
1104 1139
1105 1106
1106 1107
1106 2591
1106 1139
1107 1221
1107 2591
1107 1139
1107 1137
1108 1221
1108 1109
1108 1137
1109 1247
1109 1110
1109 1137
1109 1222
1110 1111
1111 1132
1111 2587
1111 1136
1112 1244
1112 1113
1112 1132
1112 2587
1113 2589
1113 1114
1114 1115
1114 1132
1115 2589
1115 1141
1115 1131
1115 1143
1116 1128
1116 1140
1116 1118
1116 1131
1117 1118
1117 1127
1117 1128
1117 1126
1118 1125
1118 1119
1118 1140
1118 1128
1119 1124
1119 1120
1120 1122
1120 1121
1120 1124
1121 1122
1121 2554
1122 1123
1123 1124
1123 2581
1124 1125
1124 2581
1125 1126
1127 1128
1127 1129
1128 1129
1128 1131
1128 1130
1129 1130
1130 1131
1130 1132
1130 2582
1131 1132
1132 1133
1132 1136
1133 2582
1133 1135
1134 1135
1135 1138
1135 1136
1136 1137
1137 1138
1138 1139
1140 1141
1141 1142
1142 1145
1142 1143
1143 1145
1143 2589
1143 1144
1143 2583
1144 1146
1144 1145
1145 1148
1146 1148
1146 1151
1146 2583
1146 1150
1147 1151
1147 1149
1147 1148
1149 1152
1149 1154
1149 1151
1150 1242
1150 1152
1150 1151
1150 2583
1151 1152
1152 1153
1153 1155
1153 1154
1153 1164
1154 1158
1154 1155
1155 1157
1155 1158
1155 1156
1156 1157
1156 1163
1157 1158
1157 1159
1158 1160
1159 1160
1159 1249
1160 1162
1161 1162
1163 1164
1163 1165
1164 1165
1164 1166
1165 1167
1165 1168
1166 1169
1166 1168
1167 1168
1167 1170
1168 1169
1168 1170
1169 1171
1169 1170
1169 1238
1170 1171
1170 1172
1170 1173
1171 1173
1172 1173
1172 1174
1174 1176
1174 1175
1175 1180
1175 1176
1176 1179
1177 1264
1177 1178
1177 1267
1178 1262
1179 1183
1179 1182
1179 1180
1179 1181
1180 1181
1181 1182
1182 1183
1182 1184
1182 1185
1182 1186
1183 1184
1183 1268
1184 1268
1184 1274
1184 1187
1184 1185
1185 1188
1185 1186
1186 1189
1186 1198
1187 2586
1187 1275
1188 1192
1188 2586
1188 1189
1189 1197
1189 1192
1190 1194
1190 2586
1190 1192
1191 1275
1191 2578
1191 2586
1192 2584
1192 1193
1193 1194
1193 1195
1193 2584
1194 1277
1194 2578
1195 1196
1195 1201
1195 2532
1196 1216
1196 1206
1196 2533
1196 2534
1196 2536
1197 2584
1197 1200
1198 1200
1198 1199
1198 1202
1199 1203
1199 1202
1200 1201
1200 1202
1201 1206
1201 2531
1201 1202
1202 1203
1202 1205
1203 1205
1203 1204
1203 1208
1204 1208
1205 1206
1205 1208
1205 1207
1206 1212
1207 1212
1207 1210
1207 1211
1208 1209
1208 1210
1209 1210
1209 1230
1210 1230
1210 1229
1210 1227
1211 1213
1211 1227
1212 1213
1213 1214
1213 2535
1214 1215
1214 2592
1215 1216
1215 1225
1216 1217
1216 1225
1216 1224
1217 1224
1217 1218
1218 1219
1218 1224
1219 1220
1219 1223
1220 1221
1220 1222
1221 2591
1222 1247
1222 1234
1222 1223
1223 1233
1223 1224
1224 1225
1224 1233
1225 1233
1225 1226
1226 1227
1227 1228
1228 1232
1228 1229
1229 1230
1229 1235
1229 1231
1229 1232
1230 1235
1231 1235
1231 2576
1231 1234
1231 1232
1231 1233
1232 1233
1233 1234
1234 2590
1235 1237
1235 1236
1236 1239
1236 1237
1237 1238
1237 1239
1238 1241
1238 1239
1240 1243
1241 1242
1242 1243
1242 2583
1243 2588
1243 1244
1244 2583
1244 1245
1245 2588
1245 1246
1246 2587
1246 1247
1247 2590
1248 2575
1248 1249
1248 1254
1248 2580
1249 1250
1249 2579
1249 1253
1249 1254
1250 1251
1250 1253
1251 1252
1251 1257
1251 1253
1252 1255
1252 1257
1252 1253
1252 1254
1253 1254
1254 1255
1255 1257
1255 1256
1256 1257
1256 1259
1256 1260
1257 1260
1258 1260
1258 1261
1258 1262
1259 1260
1259 1261
1261 1262
1261 1263
1262 1263
1263 1265
1263 1264
1264 1266
1264 1265
1265 1266
1265 1271
1266 1270
1266 1271
1266 1269
1266 1267
1267 1269
1268 1269
1269 2585
1269 1273
1269 1270
1269 1274
1270 1271
1270 2585
1271 1292
1271 1272
1271 2585
1272 1292
1272 1291
1272 1286
1272 1281
1272 2585
1273 2585
1273 1281
1273 1275
1274 1275
1275 1280
1275 1276
1276 1279
1276 1277
1276 2578
1276 1278
1277 1278
1278 1283
1278 2461
1278 1282
1278 1279
1279 1280
1279 1282
1280 1281
1280 1282
1280 1285
1281 1286
1281 1285
1282 1285
1282 1283
1283 1289
1283 2093
1283 1284
1284 1288
1284 1289
1284 1285
1285 1287
1285 1286
1286 1287
1287 1290
1287 1288
1287 1291
1288 1289
1288 1290
1289 2530
1289 2094
1289 1290
1290 2530
1290 1294
1290 1291
1291 1294
1291 1292
1291 1293
1292 1293
1293 1294
1293 1297
1293 1296
1294 1295
1294 2530
1294 1296
1295 1300
1295 2530
1295 1296
1295 1299
1296 1299
1296 1297
1297 1298
1298 1303
1298 1299
1299 1300
1299 1302
1299 1301
1300 1301
1300 2530
1300 2114
1301 1306
1301 2119
1301 1302
1302 1305
1302 1306
1302 1303
1303 1304
1304 1309
1304 1308
1304 1305
1305 1307
1305 1306
1305 1308
1306 1319
1307 1311
1308 1309
1308 1311
1308 1310
1309 1310
1310 1314
1310 1311
1310 1312
1311 1312
1312 1313
1312 1314
1313 2479
1313 1314
1313 1316
1313 1315
1315 2479
1315 1317
1315 1316
1316 2575
1316 1317
1318 1319
1318 1329
1318 1328
1318 2128
1319 1320
1319 1328
1320 1321
1320 1328
1321 1322
1321 1327
1322 1323
1322 1327
1322 1326
1322 2479
1323 1324
1323 1326
1324 1325
1324 1326
1325 1335
1325 2470
1326 2470
1326 1327
1327 1334
1327 2470
1327 1333
1327 1328
1327 1332
1328 1329
1328 1332
1329 1330
1329 1332
1329 2223
1330 1341
1330 1331
1330 2226
1330 2228
1331 1340
1331 1332
1331 2469
1332 1333
1332 2469
1333 1334
1333 2469
1334 1335
1334 1338
1334 1339
1334 2468
1334 2470
1334 2469
1335 1336
1335 1338
1335 1337
1335 2470
1336 1337
1337 1347
1337 1346
1337 1338
1338 2468
1338 1345
1338 1346
1339 1344
1339 1340
1339 1343
1339 2469
1339 2468
1340 1341
1340 1342
1340 1343
1340 2469
1341 1342
1342 1352
1342 1343
1342 2228
1343 1344
1343 1351
1344 2467
1344 1350
1344 1345
1344 2468
1345 1350
1345 2468
1345 1349
1345 1346
1346 1349
1346 1347
1346 1348
1347 1348
1348 1358
1348 1349
1348 1357
1348 1356
1349 1350
1349 1356
1350 2467
1350 1355
1350 1356
1351 1352
1351 2466
1351 2467
1352 1353
1352 2466
1353 1364
1353 2466
1353 1354
1353 1363
1353 2302
1354 2466
1354 1362
1354 1363
1354 1355
1354 2467
1355 2467
1355 1362
1355 1356
1356 1357
1356 1362
1356 1361
1356 1360
1357 1360
1357 1358
1358 1359
1358 1360
1359 1371
1359 1360
1359 1369
1359 1370
1360 1361
1360 1369
1361 1368
1361 1362
1361 1367
1362 1363
1362 1366
1362 1367
1363 1364
1363 1366
1363 1365
1364 1365
1364 2303
1364 2305
1365 1377
1365 1366
1366 1367
1366 1376
1367 1368
1367 1376
1368 1369
1368 1376
1368 1375
1369 1370
1369 1375
1369 1374
1370 1373
1370 1371
1370 1372
1370 1374
1371 1372
1372 1373
1372 1392
1373 2465
1373 1374
1373 1397
1374 1381
1374 2465
1374 1375
1374 1380
1375 1380
1375 1376
1376 1378
1376 1377
1376 1379
1376 1380
1377 1378
1378 1385
1378 1379
1378 1386
1379 1384
1379 1386
1379 1380
1380 1381
1380 1384
1381 2465
1381 1383
1381 1382
1381 1384
1382 2465
1382 1390
1382 1383
1382 1401
1383 1384
1383 1387
1383 1390
1384 1387
1384 1386
1385 1389
1385 1386
1385 2305
1386 1387
1386 1389
1386 1388
1387 1388
1387 1390
1388 1390
1388 1389
1388 1533
1389 1538
1390 1532
1391 2520
1391 1392
1391 2528
1391 2540
1392 1393
1392 1427
1392 2528
1393 1394
1393 2529
1393 1427
1394 1395
1395 1397
1396 1398
1396 1397
1396 1420
1397 2517
1398 1414
1398 1399
1399 1400
1399 1410
1399 1413
1400 1410
1400 1401
1400 1407
1401 1402
1401 1407
1401 1404
1402 1403
1402 2488
1402 1404
1403 1527
1403 1529
1404 1405
1404 2488
1404 1406
1404 1407
1405 1525
1405 1526
1405 1524
1406 1525
1406 1407
1406 1408
1407 1410
1407 1408
1408 1411
1408 1409
1408 1410
1409 1458
1409 1411
1409 1461
1409 1460
1410 1412
1410 1413
1410 1411
1411 1458
1411 2498
1411 1412
1412 1413
1412 1415
1413 1414
1414 1417
1414 2519
1415 2498
1415 1416
1416 2497
1416 1438
1416 1457
1417 2497
1417 1419
1418 2497
1418 1434
1418 1437
1418 1421
1419 1420
1419 2497
1420 2517
1421 2517
1421 1422
1421 1423
1421 2497
1422 1423
1422 1434
1422 1433
1422 2516
1423 1431
1424 1430
1425 1426
1426 2529
1427 2528
1427 1428
1427 2529
1428 2526
1429 1431
1429 1432
1430 1431
1431 1432
1432 2516
1433 2516
1433 2515
1433 1435
1434 1435
1435 1436
1435 2515
1435 1437
1436 2515
1436 1440
1436 1437
1437 2497
1438 2497
1438 1439
1438 1440
1439 1451
1439 1457
1440 1441
1442 1443
1442 1450
1443 1444
1444 2392
1445 1449
1445 1447
1445 1446
1446 1447
1446 1452
1446 1449
1447 1448
1448 2494
1449 1452
1450 1451
1452 1453
1452 1456
1452 1455
1452 1454
1453 1454
1454 1455
1455 1459
1455 1456
1456 1457
1456 1459
1457 2498
1457 1459
1458 2498
1458 1459
1459 2498
1460 1461
1460 1463
1460 1462
1462 2496
1462 1463
1463 1464
1463 1465
1464 1519
1464 2496
1465 1466
1466 1519
1466 1467
1466 1506
1466 1507
1467 1468
1467 1506
1467 1469
1468 1469
1469 1470
1470 1471
1471 1472
1471 1474
1472 2494
1473 1476
1473 2493
1474 1475
1475 1478
1475 1505
1476 1477
1476 1478
1476 2493
1477 1482
1477 1480
1477 1478
1478 2492
1479 1483
1479 1482
1480 1481
1480 1482
1480 2492
1480 1503
1481 1484
1481 1482
1481 1502
1481 1503
1482 1484
1482 1483
1483 1485
1483 1484
1484 1485
1484 1491
1485 1490
1485 1487
1485 1488
1485 1491
1486 1487
1487 1488
1488 1489
1488 1490
1489 1493
1489 1490
1490 1492
1490 1491
1491 1500
1491 1502
1492 1499
1492 1493
1492 1500
1493 1494
1493 1499
1494 1629
1494 1495
1494 1499
1495 1499
1495 1496
1495 1498
1496 1629
1496 1497
1496 1498
1496 2490
1497 1613
1497 2489
1497 1626
1497 2490
1498 1499
1498 2489
1498 1512
1499 1500
1499 1511
1499 1510
1500 1501
1500 1511
1501 1502
1501 1511
1501 1503
1503 2492
1503 1504
1503 1511
1504 1511
1504 1509
1504 2492
1504 1506
1504 1505
1505 2492
1505 1506
1506 1507
1507 1516
1507 1508
1507 1519
1508 1509
1508 1514
1509 1510
1509 1511
1510 1512
1510 1511
1510 1514
1512 1513
1513 1515
1513 1514
1513 2489
1513 2482
1514 1515
1514 1516
1515 1517
1515 1516
1516 1518
1516 1519
1517 2482
1517 1518
1517 2495
1518 2495
1518 1519
1518 1521
1518 2496
1519 2496
1520 2495
1520 1521
1520 2518
1521 2496
1521 1523
1521 1522
1521 1524
1522 1557
1522 2518
1522 1524
1522 1526
1523 1524
1523 1525
1524 1526
1526 1528
1526 2488
1526 1557
1526 1556
1527 2488
1527 2484
1528 1551
1528 2484
1528 1552
1528 1556
1528 2488
1529 1545
1529 1530
1529 2484
1529 1546
1530 1545
1530 1531
1531 1532
1531 1536
1531 1543
1531 1544
1531 1545
1532 1533
1532 1536
1533 1534
1533 1536
1534 1535
1534 1536
1534 1543
1535 1538
1535 1537
1535 1543
1536 1543
1537 1540
1537 1538
1537 1543
1537 1541
1538 1539
1538 1540
1539 2313
1539 2481
1539 1540
1540 1570
1540 1541
1541 1570
1541 1569
1541 1568
1541 1542
1541 1549
1542 1543
1542 1548
1542 1549
1542 1544
1543 1544
1544 1545
1544 1548
1544 1547
1544 1546
1545 1546
1546 1547
1546 1550
1546 2484
1546 1551
1547 1549
1548 1549
1549 1568
1549 1566
1549 1550
1549 1567
1550 1566
1550 1551
1550 1553
1551 1553
1551 2484
1551 1552
1552 1555
1552 1553
1552 1556
1553 1566
1553 1565
1553 1554
1553 1555
1554 1565
1554 1555
1554 1562
1555 1559
1555 1562
1555 1556
1555 1557
1555 1558
1557 2518
1558 1559
1558 2495
1559 1560
1559 1562
1559 2495
1560 1561
1560 2482
1561 1621
1561 1563
1561 1627
1561 1628
1561 1562
1562 1563
1563 1565
1563 1564
1563 1625
1563 1624
1564 1565
1564 1623
1564 1624
1564 1578
1564 1588
1565 1566
1565 1577
1565 1578
1566 1567
1566 1577
1567 1568
1567 1577
1567 1575
1568 1575
1568 1574
1568 1569
1569 1570
1570 1573
1570 2481
1571 2481
1571 1572
1572 1581
1572 1573
1573 1574
1573 1581
1574 1575
1574 1581
1575 1576
1575 1577
1575 1581
1575 1580
1576 1579
1576 1580
1576 1577
1577 1578
1577 1579
1578 1579
1578 1587
1578 1588
1579 1585
1579 1587
1580 1585
1580 1581
1582 1583
1583 1591
1583 1584
1583 2487
1585 1589
1585 1587
1586 1589
1586 2485
1586 2486
1586 1595
1586 1587
1586 1618
1587 1589
1587 2485
1587 1588
1588 1622
1588 2485
1588 1623
1589 1594
1590 1591
1590 1593
1591 1592
1593 2480
1594 2480
1594 1595
1595 1597
1595 2486
1596 1597
1596 1606
1596 2486
1597 2480
1597 1600
1597 1599
1597 1598
1598 1599
1598 2480
1600 1606
1601 1606
1602 1605
1603 1605
1603 2483
1604 1607
1604 1605
1605 1606
1605 1607
1606 1607
1606 2486
1607 1608
1607 2486
1607 1617
1608 1609
1608 1617
1609 1617
1610 1614
1611 2475
1611 1612
1612 2476
1612 1613
1612 2490
1613 1614
1613 1626
1613 2490
1614 1626
1614 1615
1614 1616
1615 1617
1615 1616
1616 1617
1616 1626
1616 1627
1616 1620
1617 2486
1617 1619
1617 1618
1617 1620
1618 1622
1618 1619
1618 2486
1618 2485
1619 1622
1619 1621
1620 1621
1620 1627
1621 1622
1621 1624
1621 1625
1622 2485
1622 1623
1622 1624
1624 1625
1626 1627
1627 1628
1628 2489
1628 2482
1629 2477
1629 1630
1629 2490
1630 1631
1630 2473
1630 2477
1631 2473
1632 1633
1633 1633
1633 1634
1633 1639
1634 1635
1634 1634
1635 1636
1635 1638
1635 1637
1636 1637
1637 1638
1637 1653
1638 1652
1639 1651
1639 1641
1639 1640
1640 1650
1640 1649
1640 1643
1640 1641
1641 1642
1643 1645
1644 1649
1646 1647
1647 1657
1647 2422
1648 1656
1648 1649
1649 1655
1649 1650
1649 1656
1650 1651
1651 1652
1651 1654
1651 1655
1652 1653
1653 1663
1653 1654
1654 1662
1654 1655
1654 1663
1655 1656
1656 1662
1656 1660
1656 1657
1657 1659
1657 2355
1657 1658
1658 2356
1658 2422
1658 2355
1659 1670
1659 1660
1660 1661
1660 1669
1660 1670
1661 1668
1661 1669
1661 1662
1662 1667
1663 1665
1663 1667
1664 1665
1665 1666
1665 2408
1665 1667
1665 1675
1666 1675
1666 1674
1666 1673
1666 1667
1666 1668
1667 1668
1668 1673
1669 1682
1669 1670
1670 1671
1670 1682
1670 2354
1670 2355
1671 2351
1671 1682
1671 2353
1671 2352
1671 2354
1672 1680
1672 1681
1672 1673
1672 1682
1673 1679
1673 1678
1673 1680
1674 1678
1674 1675
1675 1676
1675 1678
1676 1677
1676 1678
1677 1687
1678 1687
1678 1686
1678 1685
1678 1679
1679 1684
1679 1685
1679 1680
1680 1684
1680 1683
1680 1681
1681 1683
1681 1696
1681 2350
1681 2351
1681 1682
1682 2351
1683 1694
1683 1697
1684 1691
1684 1697
1685 1686
1685 1690
1685 1691
1686 1689
1686 1690
1686 1687
1686 1688
1687 1688
1688 1689
1688 1708
1689 1706
1689 1708
1689 1707
1689 1690
1690 1706
1690 1692
1690 1702
1690 1691
1691 1692
1691 1697
1692 1701
1692 1702
1692 1697
1693 1695
1693 1694
1693 1698
1694 1696
1694 1697
1695 2381
1695 1696
1695 2349
1696 2350
1696 2349
1697 1698
1698 2380
1698 1700
1698 1701
1699 2381
1699 1821
1699 1835
1699 1834
1700 1715
1700 1703
1700 1701
1701 1703
1701 1702
1702 1705
1702 1706
1702 1703
1703 1715
1703 1705
1703 1704
1704 1715
1704 1712
1704 1711
1704 1705
1705 1716
1705 1706
1705 1707
1706 1707
1707 1708
1707 1709
1707 1710
1707 1716
1708 1709
1709 1719
1709 1710
1710 1717
1710 1716
1710 1719
1710 1718
1711 1717
1711 1712
1711 1716
1712 1717
1712 1743
1712 2398
1712 1715
1713 2398
1713 1715
1714 1746
1714 2398
1714 2380
1717 1720
1717 1742
1717 1718
1717 1743
1718 1720
1718 1719
1720 1721
1720 1742
1721 1722
1721 1740
1721 1741
1721 1742
1722 1725
1722 1724
1722 1723
1722 1740
1723 1724
1724 1725
1725 1726
1725 1740
1726 2397
1726 2396
1726 1727
1726 1740
1727 2396
1727 1728
1727 2397
1727 1738
1728 1729
1728 1738
1728 2395
1729 1730
1729 2395
1730 2004
1730 2005
1731 1732
1731 2004
1732 1733
1732 2395
1732 1736
1733 1734
1733 1735
1734 1765
1734 1791
1734 1790
1734 1735
1735 1736
1735 1790
1736 1790
1736 1737
1736 2395
1737 1738
1737 1797
1737 1790
1737 1796
1738 2397
1738 2395
1738 1799
1738 1797
1739 1740
1739 1799
1739 2397
1739 1782
1740 2397
1740 1741
1740 1782
1741 1742
1741 1744
1741 1781
1741 1782
1742 1743
1742 1744
1743 1744
1743 2398
1744 1745
1744 2398
1744 1778
1744 1779
1744 1780
1744 1781
1745 1746
1745 2398
1745 1747
1745 2405
1746 2398
1746 1747
1747 1748
1747 1777
1747 2405
1748 1776
1748 1777
1748 1749
1748 1750
1748 2380
1749 1801
1749 1800
1750 1751
1750 1776
1750 1801
1750 1802
1751 1774
1751 1775
1751 1776
1751 1752
1752 1773
1752 1774
1752 1802
1752 1803
1753 1773
1753 1754
1753 1803
1753 1981
1754 1772
1754 1755
1754 1981
1755 1982
1755 1981
1755 1771
1756 1757
1756 1771
1756 1982
1757 2402
1757 1770
1757 1982
1758 1759
1759 1760
1760 1767
1760 1769
1760 1768
1761 1762
1762 1763
1763 1766
1763 1764
1763 1765
1764 1765
1765 1766
1766 1767
1766 1768
1766 1791
1766 1789
1767 1768
1768 1789
1768 1769
1768 2401
1769 1770
1769 2404
1770 2401
1770 1771
1771 1772
1772 2401
1772 2400
1772 1773
1773 1774
1773 2400
1774 1775
1774 1787
1774 2400
1775 1777
1775 1786
1775 1787
1775 1776
1776 1777
1777 2405
1777 1786
1777 1778
1778 1783
1778 1785
1778 1784
1778 1786
1778 2405
1778 1779
1779 1783
1779 1780
1780 1783
1780 1781
1781 1783
1781 1782
1782 1783
1782 1799
1783 1798
1783 1784
1783 1799
1784 1794
1784 1795
1784 1798
1784 1785
1785 2399
1785 1794
1785 1786
1786 2399
1786 1787
1787 2400
1787 2399
1787 1788
1788 1792
1788 1793
1788 2399
1788 1789
1788 2400
1788 2401
1789 1791
1789 1792
1789 2401
1790 1791
1790 1796
1791 1796
1791 1792
1792 1796
1792 1793
1793 1794
1793 1796
1793 2399
1794 1795
1794 1796
1794 2399
1795 1797
1795 1796
1795 1798
1796 1797
1797 1798
1798 1799
1800 1801
1800 1810
1800 1809
1801 1809
1801 1807
1801 1808
1802 1807
1802 1803
1803 1804
1803 1981
1803 1806
1803 1805
1804 1981
1804 1979
1804 1805
1804 1977
1805 1806
1805 1973
1806 1807
1806 1814
1807 1813
1808 1813
1808 1812
1809 1810
1809 1819
1809 1812
1810 1811
1810 1819
1811 2380
1811 1820
1811 1819
1812 1818
1813 1817
1813 1814
1814 1973
1814 1815
1814 1816
1815 1972
1815 1973
1815 1816
1816 1817
1816 1824
1817 1818
1817 1824
1818 1819
1818 1823
1818 1824
1819 1822
1819 1823
1820 1821
1820 1822
1821 1833
1821 1834
1821 1822
1822 1832
1822 1823
1822 1831
1823 1824
1823 1829
1823 1830
1824 1829
1824 1825
1824 1828
1825 1826
1825 1828
1826 1972
1826 1828
1826 1827
1826 1971
1827 1882
1827 1971
1827 1828
1827 1883
1828 1829
1828 1882
1828 1881
1829 1830
1829 1880
1829 1879
1829 1881
1830 1831
1830 1879
1831 1878
1831 1832
1831 1876
1831 1879
1832 1833
1832 1878
1833 1834
1833 2453
1834 1837
1834 1835
1835 1836
1835 1837
1836 1841
1836 1839
1836 1837
1837 1838
1838 1839
1838 1848
1839 1845
1839 1840
1839 1841
1839 1848
1839 1842
1840 1843
1840 1842
1840 2344
1841 2347
1841 1842
1841 2381
1842 2345
1842 2344
1843 2340
1843 2331
1843 1844
1843 1845
1844 1845
1844 1846
1844 2330
1844 1847
1844 2427
1844 2430
1844 2331
1845 1848
1846 1848
1846 1847
1846 1850
1847 2426
1847 2428
1847 2427
1847 1850
1848 1850
1848 1851
1849 2426
1849 1850
1849 1852
1849 1853
1849 1854
1850 2426
1850 1851
1850 1852
1851 1852
1852 1860
1852 1859
1853 1854
1853 1859
1853 1855
1854 1855
1855 1856
1855 1858
1855 1859
1856 2382
1856 1858
1856 1857
1857 1862
1857 2454
1857 1858
1857 1864
1857 1863
1858 1859
1858 1861
1858 1860
1858 1862
1859 1860
1860 1871
1860 2452
1860 1861
1861 1871
1861 1870
1861 1862
1861 2455
1862 2454
1862 2455
1863 1865
1863 1864
1863 1866
1863 2454
1864 2382
1864 1865
1864 1906
1865 1906
1865 1905
1866 1898
1866 1867
1866 1897
1866 2454
1866 1905
1867 1892
1867 1897
1867 2454
1868 2455
1868 1869
1868 1892
1869 1874
1869 1873
1869 1870
1869 2455
1869 1891
1870 1873
1870 1871
1870 1872
1870 2455
1871 1872
1871 2452
1872 1873
1872 1877
1872 1876
1873 1874
1873 1876
1873 1875
1874 2451
1874 1891
1875 2451
1875 1880
1875 1879
1876 1879
1876 1878
1876 1877
1877 1878
1877 2453
1879 1880
1880 1885
1880 1886
1880 2451
1880 1881
1881 1882
1881 1885
1882 1885
1882 1883
1883 1970
1883 1971
1883 1952
1883 1884
1884 1951
1884 1887
1885 1886
1885 1887
1886 2451
1886 1887
1886 2457
1887 1890
1887 2457
1888 1890
1888 1951
1889 1890
1889 1935
1889 1950
1889 1894
1889 1934
1890 1891
1890 2457
1890 1893
1891 2451
1891 2457
1891 1892
1892 1897
1892 1893
1893 1897
1893 1894
1893 1895
1893 1896
1894 1934
1895 1933
1895 2406
1895 1896
1895 1934
1896 1897
1896 1898
1896 2406
1896 2459
1897 1898
1898 2459
1898 1905
1898 1899
1899 1900
1900 2459
1900 1901
1900 1903
1900 1904
1900 1909
1901 1918
1901 1902
1901 2406
1901 1903
1902 1903
1902 2456
1902 1911
1902 1918
1903 2384
1903 1908
1903 1909
1904 1910
1904 1909
1905 1906
1905 1910
1906 1907
1907 1910
1908 2433
1908 2383
1908 1910
1908 1909
1909 1910
1911 2456
1911 1917
1912 1999
1912 1998
1912 1915
1912 2456
1912 1916
1912 1917
1912 1913
1913 1915
1913 1998
1913 1997
1914 1996
1914 2447
1914 1915
1915 1997
1915 1923
1915 1922
1915 1916
1916 1922
1916 1921
1916 1917
1917 1918
1917 1920
1918 1920
1918 2406
1918 1919
1919 2458
1919 1920
1919 1933
1920 1921
1921 1922
1921 1930
1921 2458
1922 1923
1922 1927
1922 1928
1922 1929
1922 1930
1923 1927
1923 1924
1924 1995
1925 2445
1926 1940
1927 1928
1928 1938
1929 1930
1929 1937
1930 1931
1930 1937
1930 1936
1930 2458
1931 1936
1931 2458
1931 1932
1931 1933
1932 1936
1932 1933
1932 1948
1932 1935
1932 1934
1933 2458
1933 1934
1933 2406
1934 1935
1935 1949
1936 1937
1936 1948
1936 1946
1937 1938
1937 1946
1938 1944
1938 1943
1938 1946
1939 1940
1940 1994
1941 1993
1941 1994
1942 1994
1942 1943
1944 1945
1945 1955
1946 2444
1946 1948
1947 1953
1947 1954
1947 1948
1947 2444
1947 1949
1948 2444
1948 1949
1950 1953
1950 1951
1951 1952
1951 1953
1952 1953
1952 1962
1952 1970
1953 1962
1953 1961
1954 1961
1954 1956
1954 2444
1955 1992
1956 1957
1958 1959
1959 1960
1960 1961
1961 1962
1962 1963
1962 1970
1962 1969
1963 1964
1963 1969
1964 1965
1966 1967
1967 1989
1968 2443
1969 1970
1970 1971
1970 1974
1971 1972
1971 1974
1972 1976
1972 1973
1972 1974
1973 1977
1974 1976
1975 1976
1975 1987
1975 2443
1976 1977
1976 1978
1976 1987
1977 1978
1978 1987
1978 1979
1979 1986
1979 1980
1980 1981
1980 1982
1982 1985
1982 1986
1983 1984
1983 2403
1984 1990
1984 1985
1985 1988
1985 1987
1986 1987
1987 1988
1987 2443
1989 2443
1990 1991
1994 2445
1995 2447
1995 1996
1995 2450
1996 2447
1996 2001
1997 2002
1997 1998
1998 2002
1998 1999
1998 2003
1999 2003
1999 2013
1999 2008
1999 2456
2000 2001
2000 2593
2001 2010
2002 2003
2002 2009
2002 2013
2003 2013
2004 2005
2008 2013
2008 2015
2008 2014
2009 2446
2009 2012
2009 2013
2010 2446
2011 2446
2011 2022
2011 2016
2011 2020
2011 2012
2012 2015
2012 2446
2014 2384
2014 2015
2014 2016
2014 2019
2015 2016
2016 2020
2016 2018
2016 2023
2017 2024
2017 2026
2017 2018
2017 2019
2018 2026
2018 2023
2018 2019
2020 2021
2020 2026
2020 2448
2020 2023
2020 2022
2021 2448
2021 2022
2021 2027
2022 2446
2024 2025
2024 2029
2024 2026
2024 2030
2025 2433
2025 2030
2025 2434
2026 2029
2026 2449
2026 2448
2027 2028
2027 2448
2027 2034
2028 2032
2028 2449
2028 2034
2028 2033
2028 2448
2029 2030
2029 2449
2029 2032
2030 2434
2030 2031
2030 2032
2031 2434
2031 2032
2031 2037
2031 2036
2032 2449
2032 2037
2032 2033
2033 2037
2033 2035
2033 2038
2034 2035
2035 2038
2035 2039
2036 2441
2036 2439
2036 2037
2036 2041
2037 2038
2037 2439
2038 2439
2038 2039
2039 2040
2040 2044
2040 2439
2040 2045
2041 2439
2041 2043
2041 2042
2042 2441
2042 2043
2043 2044
2044 2045
2044 2049
2044 2439
2044 2048
2045 2048
2046 2047
2046 2594
2047 2052
2048 2049
2048 2051
2048 2050
2049 2050
2049 2386
2050 2051
2050 2056
2051 2052
2051 2055
2051 2056
2052 2053
2052 2060
2052 2055
2054 2060
2055 2059
2055 2058
2056 2058
2056 2057
2057 2065
2057 2058
2057 2064
2058 2059
2058 2063
2058 2064
2059 2060
2059 2063
2059 2437
2060 2061
2060 2437
2061 2062
2063 2437
2063 2436
2063 2064
2064 2066
2064 2065
2065 2071
2065 2386
2066 2071
2067 2437
2067 2068
2067 2070
2068 2069
2069 2070
2070 2074
2071 2077
2071 2078
2071 2436
2071 2072
2072 2077
2072 2436
2073 2081
2073 2083
2074 2076
2074 2436
2074 2075
2075 2435
2076 2079
2077 2079
2077 2078
2078 2085
2078 2086
2079 2080
2080 2089
2080 2081
2081 2082
2082 2089
2082 2090
2083 2084
2084 2461
2085 2103
2085 2086
2085 2102
2087 2101
2087 2088
2088 2100
2089 2090
2089 2099
2090 2096
2090 2098
2091 2092
2091 2096
2092 2464
2093 2094
2094 2097
2095 2112
2095 2111
2095 2098
2096 2098
2097 2112
2098 2110
2098 2099
2098 2109
2099 2109
2099 2108
2100 2101
2101 2107
2101 2102
2102 2103
2102 2106
2102 2142
2103 2104
2103 2106
2103 2105
2104 2386
2104 2148
2104 2105
2104 2463
2105 2106
2105 2149
2106 2149
2106 2142
2107 2108
2107 2141
2107 2142
2108 2135
2109 2135
2109 2116
2109 2110
2110 2111
2110 2115
2111 2115
2111 2112
2113 2114
2113 2530
2114 2118
2114 2440
2115 2117
2116 2117
2116 2135
2116 2123
2116 2122
2117 2121
2117 2118
2117 2122
2118 2119
2120 2126
2121 2125
2121 2122
2122 2125
2122 2124
2122 2123
2122 2134
2123 2135
2123 2134
2124 2132
2124 2125
2124 2213
2124 2134
2125 2126
2125 2131
2125 2132
2126 2130
2126 2127
2127 2596
2128 2129
2128 2223
2129 2131
2129 2220
2131 2219
2131 2132
2132 2213
2132 2214
2133 2138
2133 2213
2133 2201
2133 2206
2133 2134
2133 2137
2134 2137
2134 2135
2135 2136
2136 2141
2136 2137
2137 2140
2137 2141
2137 2138
2138 2139
2138 2201
2138 2140
2139 2144
2139 2200
2139 2462
2139 2201
2139 2140
2140 2143
2140 2144
2140 2141
2141 2142
2142 2149
2142 2143
2143 2149
2143 2144
2144 2145
2144 2462
2144 2147
2144 2149
2145 2146
2145 2189
2146 2147
2146 2153
2146 2188
2147 2151
2147 2149
2148 2150
2148 2149
2148 2463
2148 2151
2150 2386
2150 2385
2150 2157
2150 2151
2150 2463
2151 2152
2151 2156
2152 2156
2152 2154
2152 2153
2153 2181
2153 2154
2153 2188
2154 2155
2154 2161
2155 2161
2155 2160
2155 2156
2155 2158
2156 2157
2156 2158
2157 2158
2158 2159
2158 2160
2159 2166
2159 2165
2159 2163
2159 2160
2160 2161
2160 2163
2161 2181
2161 2162
2162 2180
2162 2171
2162 2163
2163 2164
2163 2170
2163 2171
2164 2169
2164 2170
2164 2165
2165 2167
2165 2166
2166 2167
2166 2385
2167 2168
2167 2383
2168 2382
2168 2169
2169 2175
2169 2174
2169 2170
2170 2173
2170 2171
2171 2172
2171 2173
2172 2173
2172 2176
2173 2174
2173 2176
2174 2175
2174 2176
2174 2255
2174 2253
2174 2256
2175 2382
2175 2255
2176 2177
2176 2253
2177 2250
2177 2253
2177 2179
2178 2250
2178 2249
2178 2184
2178 2183
2178 2179
2179 2183
2179 2180
2180 2182
2180 2181
2181 2187
2181 2182
2181 2188
2182 2187
2182 2186
2182 2183
2182 2192
2183 2184
2183 2186
2184 2185
2184 2186
2185 2186
2185 2247
2186 2194
2186 2193
2187 2192
2187 2460
2187 2188
2188 2189
2188 2191
2189 2190
2190 2199
2190 2462
2190 2200
2190 2191
2191 2198
2191 2460
2192 2193
2193 2196
2193 2194
2193 2460
2194 2195
2194 2247
2194 2196
2195 2237
2195 2236
2195 2247
2195 2196
2196 2204
2196 2236
2196 2197
2196 2203
2197 2203
2197 2198
2198 2202
2198 2199
2199 2200
2199 2201
2200 2201
2201 2202
2201 2206
2202 2442
2202 2206
2202 2212
2203 2442
2203 2204
2204 2232
2204 2205
2205 2442
2205 2209
2205 2207
2206 2212
2206 2213
2207 2210
2207 2442
2208 2231
2208 2209
2209 2227
2209 2216
2209 2215
2210 2211
2211 2215
2211 2442
2211 2212
2211 2214
2212 2214
2214 2219
2214 2215
2215 2219
2215 2218
2215 2216
2216 2217
2216 2218
2217 2224
2217 2222
2218 2219
2220 2221
2222 2223
2224 2226
2225 2227
2227 2229
2228 2229
2228 2302
2230 2234
2231 2232
2232 2233
2232 2236
2233 2238
2233 2236
2234 2240
2235 2240
2237 2244
2237 2238
2237 2247
2237 2246
2238 2244
2238 2239
2239 2241
2239 2240
2242 2243
2242 2245
2243 2244
2244 2245
2244 2246
2245 2271
2246 2247
2246 2270
2248 2249
2248 2268
2248 2270
2249 2251
2249 2268
2250 2251
2250 2253
2251 2268
2251 2252
2252 2265
2252 2253
2253 2256
2254 2259
2254 2255
2254 2258
2255 2256
2255 2258
2256 2257
2257 2265
2257 2260
2257 2264
2257 2258
2258 2259
2258 2260
2259 2431
2259 2260
2260 2261
2260 2262
2261 2278
2261 2429
2261 2280
2261 2431
2261 2262
2262 2264
2262 2278
2262 2263
2263 2264
2263 2277
2263 2266
2263 2278
2264 2265
2265 2266
2265 2267
2266 2276
2266 2269
2266 2275
2266 2267
2267 2269
2267 2268
2268 2270
2269 2274
2269 2275
2269 2270
2269 2271
2270 2271
2271 2274
2272 2273
2273 2418
2273 2274
2274 2275
2275 2287
2275 2276
2276 2286
2276 2277
2276 2287
2277 2432
2277 2278
2278 2432
2278 2280
2278 2279
2279 2284
2279 2282
2279 2280
2279 2432
2280 2281
2280 2429
2280 2430
2281 2282
2281 2330
2282 2328
2282 2283
2283 2326
2283 2327
2283 2284
2284 2285
2284 2286
2284 2432
2284 2335
2285 2335
2286 2287
2286 2432
2287 2292
2288 2418
2289 2424
2289 2290
2290 2297
2291 2421
2291 2297
2292 2335
2292 2293
2292 2296
2293 2326
2293 2324
2293 2336
2293 2296
2293 2423
2293 2335
2294 2296
2294 2319
2295 2308
2295 2301
2295 2298
2295 2416
2296 2297
2296 2423
2298 2416
2299 2300
2299 2416
2300 2302
2300 2301
2301 2416
2303 2304
2304 2307
2305 2306
2306 2309
2307 2308
2308 2309
2308 2318
2308 2420
2309 2310
2309 2420
2309 2317
2311 2312
2312 2316
2312 2313
2313 2314
2314 2315
2314 2374
2315 2316
2316 2321
2316 2317
2317 2420
2318 2319
2318 2320
2318 2321
2319 2423
2319 2320
2320 2423
2320 2321
2320 2323
2320 2324
2321 2322
2321 2420
2322 2375
2322 2376
2322 2378
2322 2323
2323 2378
2323 2324
2323 2336
2324 2423
2324 2336
2325 2327
2325 2339
2325 2326
2325 2336
2325 2337
2326 2336
2326 2335
2327 2339
2327 2328
2328 2329
2329 2339
2329 2330
2330 2331
2330 2430
2331 2340
2331 2342
2331 2332
2332 2339
2332 2333
2332 2342
2333 2369
2333 2379
2333 2342
2333 2334
2334 2337
2334 2379
2334 2338
2334 2339
2336 2378
2336 2337
2337 2338
2337 2378
2338 2379
2338 2377
2338 2376
2338 2378
2340 2343
2341 2345
2341 2346
2341 2369
2341 2368
2341 2343
2342 2369
2342 2343
2343 2344
2343 2369
2344 2345
2345 2347
2345 2346
2346 2417
2346 2358
2346 2347
2346 2368
2347 2348
2347 2417
2348 2381
2348 2349
2348 2417
2348 2352
2348 2353
2349 2351
2349 2350
2349 2352
2352 2353
2353 2354
2353 2417
2353 2357
2354 2357
2354 2355
2355 2357
2355 2356
2356 2360
2356 2357
2357 2417
2357 2358
2358 2368
2358 2359
2358 2367
2358 2417
2359 2360
2359 2367
2360 2361
2360 2366
2361 2422
2361 2362
2361 2365
2361 2366
2362 2363
2364 2365
2366 2371
2366 2367
2367 2368
2367 2370
2368 2370
2368 2369
2369 2379
2369 2370
2370 2371
2370 2379
2370 2377
2371 2372
2371 2377
2372 2419
2372 2373
2372 2376
2372 2377
2373 2374
2373 2376
2374 2415
2376 2377
2376 2378
2377 2379
2380 2381
2382 2383
2382 2428
2383 2433
2383 2385
2384 2433
2385 2386
2385 2441
2386 2441
2389 2390
2406 2459
2412 2413
2421 2425
2424 2425
2426 2428
2427 2429
2427 2430
2427 2428
2428 2429
2428 2431
2429 2431
2429 2430
2434 2441
2437 2438
2448 2449
2466 2467
2474 2475
2474 2477
2475 2476
2476 2477
2476 2490
2477 2490
2504 2505
2509 2539
2512 2513
2520 2521
2520 2540
2524 2542
2525 2537
2525 2552
2526 2540
2526 2526
2527 2544
2531 2532
2531 2533
2532 2533
2534 2535
2534 2536
2535 2536
2538 2547
2544 2545
2545 2546
2557 2561
2563 2564
2564 2566
2564 2570
2566 2567
2570 2571
2576 2588
2576 2590
2579 2580
2583 2589
2595 2596
