0 141.474609375 57.685546875
1 148.88671875 48.662109375
2 159.521484375 42.216796875
3 173.056640625 40.283203125
4 186.26953125 44.794921875
5 177.568359375 48.017578125
6 166.2890625 49.951171875
7 154.6875 54.140625
8 150.17578125 61.552734375
9 140.830078125 71.220703125
10 149.208984375 72.1875
11 157.587890625 63.1640625
12 164.033203125 58.974609375
13 173.056640625 54.462890625
14 184.3359375 55.4296875
15 197.2265625 49.306640625
16 195.615234375 56.396484375
17 179.82421875 60.263671875
18 171.4453125 63.1640625
19 165.322265625 67.67578125
20 157.91015625 75.087890625
21 153.3984375 79.921875
22 144.052734375 79.27734375
23 140.5078125 87.333984375
24 148.2421875 90.234375
25 157.265625 85.400390625
26 163.06640625 81.533203125
27 169.51171875 82.822265625
28 170.478515625 90.87890625
29 164.35546875 97.001953125
30 158.5546875 94.423828125
31 151.46484375 98.935546875
32 145.341796875 100.224609375
33 141.796875 106.025390625
34 145.341796875 114.404296875
35 151.46484375 110.537109375
36 159.19921875 106.025390625
37 169.51171875 104.4140625
38 158.876953125 113.115234375
39 159.521484375 120.52734375
40 154.365234375 118.916015625
41 147.59765625 119.560546875
42 145.01953125 127.939453125
43 150.8203125 131.806640625
44 158.5546875 128.26171875
45 164.35546875 126.328125
46 171.767578125 124.072265625
47 176.923828125 126.650390625
48 176.6015625 133.095703125
49 169.189453125 134.384765625
50 164.033203125 135.99609375
51 157.91015625 137.28515625
52 152.431640625 139.86328125
53 147.919921875 145.01953125
54 151.142578125 151.787109375
55 157.587890625 147.275390625
56 164.677734375 145.341796875
57 172.734375 143.73046875
58 176.923828125 142.44140625
59 179.501953125 147.919921875
60 173.701171875 150.8203125
61 167.255859375 153.720703125
62 161.1328125 153.720703125
63 155.33203125 155.654296875
64 152.431640625 162.421875
65 156.943359375 165.966796875
66 163.7109375 164.677734375
67 170.15625 160.810546875
68 175.634765625 158.5546875
69 181.11328125 157.587890625
70 183.69140625 164.033203125
71 178.53515625 169.833984375
72 172.08984375 171.123046875
73 164.033203125 170.478515625
74 157.265625 175.634765625
75 157.587890625 180.146484375
76 164.35546875 183.369140625
77 172.734375 179.501953125
78 178.53515625 177.568359375
79 183.046875 176.923828125
80 185.625 180.46875
81 186.26953125 185.947265625
82 176.923828125 187.236328125
83 171.4453125 188.525390625
84 165.64453125 189.814453125
85 159.521484375 190.78125
86 154.365234375 196.259765625
87 159.19921875 199.16015625
88 166.611328125 200.771484375
89 172.734375 197.548828125
90 176.279296875 195.9375
91 181.7578125 197.548828125
92 185.947265625 201.73828125
93 185.625 206.572265625
94 175.634765625 206.572265625
95 166.93359375 206.89453125
96 160.48828125 205.60546875
97 154.04296875 203.994140625
98 147.919921875 206.25
99 150.498046875 212.05078125
100 161.1328125 212.05078125
101 170.478515625 212.373046875
102 167.900390625 221.396484375
103 174.0234375 217.20703125
104 176.923828125 223.330078125
105 179.501953125 229.130859375
106 184.98046875 236.865234375
107 189.814453125 241.0546875
108 189.4921875 246.2109375
109 183.046875 245.888671875
110 171.767578125 254.267578125
111 177.24609375 237.509765625
112 174.0234375 232.03125
113 167.255859375 233.642578125
114 168.544921875 239.12109375
115 170.80078125 248.7890625
116 176.923828125 246.533203125
117 178.857421875 253.9453125
118 185.302734375 257.490234375
119 186.9140625 263.291015625
120 175.3125 265.869140625
121 171.123046875 259.74609375
122 165.0 252.01171875
123 158.232421875 252.978515625
124 160.166015625 261.357421875
125 164.677734375 266.19140625
126 171.123046875 269.736328125
127 171.123046875 276.50390625
128 178.53515625 276.50390625
129 174.345703125 284.560546875
130 166.2890625 285.849609375
131 163.7109375 280.693359375
132 164.677734375 272.314453125
133 157.265625 270.703125
134 151.142578125 274.248046875
135 155.009765625 279.7265625
136 156.62109375 285.52734375
137 156.943359375 293.26171875
138 149.853515625 290.361328125
139 143.0859375 289.716796875
140 133.41796875 289.716796875
141 128.26171875 288.427734375
142 123.75 285.205078125
143 116.015625 287.4609375
144 113.115234375 279.7265625
145 114.08203125 272.958984375
146 119.560546875 277.1484375
147 126.97265625 278.115234375
148 135.673828125 283.271484375
149 142.763671875 281.982421875
150 140.185546875 275.537109375
151 133.740234375 276.181640625
152 124.39453125 269.4140625
153 122.138671875 263.61328125
154 128.583984375 262.96875
155 136.962890625 267.48046875
156 149.53125 266.513671875
157 149.208984375 260.390625
158 139.21875 255.234375
159 129.55078125 253.623046875
160 125.361328125 248.14453125
161 131.806640625 246.533203125
162 144.052734375 247.177734375
163 151.46484375 250.078125
164 154.6875 244.921875
165 147.275390625 239.765625
166 137.9296875 237.83203125
167 131.162109375 232.998046875
168 140.5078125 229.775390625
169 147.919921875 231.064453125
170 155.654296875 232.67578125
171 160.810546875 227.197265625
172 151.142578125 223.65234375
173 127.294921875 238.4765625
174 146.30859375 217.20703125
175 158.5546875 218.173828125
176 112.79296875 293.90625
177 122.4609375 295.1953125
178 130.1953125 294.873046875
179 142.119140625 298.740234375
180 135.029296875 305.185546875
181 126.005859375 303.251953125
182 116.982421875 301.962890625
183 110.21484375 305.830078125
184 113.759765625 313.564453125
185 122.4609375 310.01953125
186 130.83984375 312.275390625
187 138.57421875 317.431640625
188 133.740234375 324.84375
189 123.75 323.5546875
190 117.94921875 320.654296875
191 108.603515625 320.33203125
192 112.1484375 328.7109375
193 123.75 331.611328125
194 131.162109375 333.22265625
195 118.916015625 334.51171875
196 113.4375 340.3125
197 105.380859375 339.345703125
198 101.513671875 331.93359375
199 95.068359375 338.701171875
200 102.802734375 345.146484375
201 104.736328125 350.947265625
202 98.291015625 356.748046875
203 95.712890625 348.369140625
204 86.689453125 346.435546875
205 87.978515625 351.9140625
206 89.912109375 358.037109375
207 83.7890625 356.748046875
208 80.244140625 362.548828125
209 85.078125 366.73828125
210 88.623046875 370.927734375
211 86.3671875 377.6953125
212 98.935546875 373.505859375
213 99.580078125 380.595703125
214 90.556640625 383.173828125
215 97.001953125 386.71875
216 105.380859375 384.78515625
217 109.5703125 377.6953125
218 116.015625 380.91796875
219 97.001953125 396.38671875
220 86.044921875 392.197265625
221 89.58984375 403.4765625
222 110.859375 399.931640625
223 98.291015625 401.54296875
224 93.134765625 407.021484375
225 95.068359375 415.72265625
226 103.125 407.666015625
227 113.115234375 406.0546875
228 112.470703125 410.888671875
229 107.958984375 415.400390625
230 99.2578125 419.912109375
231 97.001953125 424.1015625
232 100.546875 429.2578125
233 106.34765625 423.779296875
234 109.248046875 420.556640625
235 119.560546875 419.267578125
236 123.10546875 422.16796875
237 112.470703125 425.712890625
238 108.603515625 433.447265625
239 107.958984375 440.21484375
240 120.849609375 441.181640625
241 121.81640625 435.05859375
242 127.294921875 430.869140625
243 133.41796875 436.34765625
244 126.650390625 444.08203125
245 129.228515625 448.271484375
246 138.57421875 442.470703125
247 141.796875 437.958984375
248 146.953125 441.50390625
249 143.73046875 450.849609375
250 148.2421875 453.10546875
251 151.787109375 437.958984375
252 159.521484375 446.337890625
253 153.076171875 451.81640625
254 158.232421875 459.873046875
255 169.833984375 456.328125
256 174.990234375 453.10546875
257 159.521484375 454.39453125
258 167.255859375 450.205078125
259 167.900390625 462.7734375
260 166.611328125 471.15234375
261 173.056640625 472.44140625
262 178.212890625 459.228515625
263 181.435546875 454.39453125
264 187.55859375 452.4609375
265 182.080078125 465.029296875
266 179.82421875 474.052734375
267 186.26953125 481.142578125
268 192.0703125 466.640625
269 194.6484375 457.939453125
270 200.771484375 457.939453125
271 201.416015625 465.3515625
272 193.037109375 473.408203125
273 191.103515625 483.076171875
274 205.283203125 478.88671875
275 214.62890625 466.318359375
276 219.78515625 467.28515625
277 216.884765625 477.59765625
278 206.572265625 489.84375
279 210.1171875 484.04296875
280 215.2734375 486.298828125
281 225.263671875 487.91015625
282 233.3203125 485.33203125
283 239.765625 488.232421875
284 242.666015625 495.322265625
285 236.220703125 496.2890625
286 228.486328125 495.64453125
287 224.619140625 502.412109375
288 213.017578125 496.93359375
289 218.49609375 504.66796875
290 214.62890625 506.923828125
291 218.818359375 512.080078125
292 225.5859375 511.435546875
293 228.80859375 520.13671875
294 234.287109375 514.3359375
295 222.041015625 517.236328125
296 223.65234375 524.970703125
297 227.197265625 529.482421875
298 242.021484375 524.970703125
299 240.41015625 533.02734375
300 234.287109375 523.681640625
301 233.642578125 531.416015625
302 227.197265625 535.283203125
303 229.453125 540.439453125
304 238.798828125 540.1171875
305 244.27734375 544.62890625
306 229.775390625 553.330078125
307 240.087890625 552.685546875
308 236.865234375 556.23046875
309 233.642578125 565.25390625
310 228.80859375 567.509765625
311 234.609375 571.376953125
312 242.34375 569.443359375
313 239.443359375 577.822265625
314 232.353515625 578.466796875
315 230.7421875 587.16796875
316 238.4765625 589.423828125
317 244.599609375 584.267578125
318 245.888671875 591.6796875
319 247.177734375 596.8359375
320 254.267578125 604.892578125
321 261.357421875 598.447265625
322 266.19140625 598.125
323 267.802734375 604.248046875
324 268.447265625 611.337890625
325 262.001953125 608.4375
326 267.48046875 619.072265625
327 275.21484375 619.072265625
328 275.859375 613.271484375
329 278.115234375 607.79296875
330 281.66015625 614.560546875
331 284.23828125 623.583984375
332 288.10546875 619.072265625
333 291.005859375 614.23828125
334 295.517578125 622.294921875
335 297.7734375 629.384765625
336 303.896484375 627.451171875
337 309.052734375 619.716796875
338 313.564453125 619.716796875
339 306.796875 611.982421875
340 300.029296875 615.849609375
341 298.095703125 607.1484375
342 302.607421875 603.28125
343 291.328125 601.025390625
344 282.626953125 604.248046875
345 280.37109375 595.869140625
346 290.0390625 595.546875
347 297.7734375 593.935546875
348 286.494140625 590.712890625
349 279.404296875 587.490234375
350 292.294921875 584.58984375
351 286.494140625 581.044921875
352 279.404296875 580.078125
353 283.271484375 573.310546875
354 294.873046875 578.7890625
355 298.095703125 574.599609375
356 288.427734375 566.865234375
357 297.7734375 566.220703125
358 276.181640625 573.310546875
359 270.380859375 575.56640625
360 264.580078125 572.021484375
361 265.224609375 580.078125
362 261.6796875 583.30078125
363 258.134765625 572.666015625
364 255.556640625 580.078125
365 251.044921875 582.65625
366 251.689453125 570.087890625
367 246.85546875 575.888671875
368 308.73046875 582.333984375
369 320.9765625 579.755859375
370 314.208984375 574.27734375
371 308.73046875 567.509765625
372 324.84375 560.09765625
373 325.48828125 569.443359375
374 321.298828125 574.27734375
375 317.75390625 565.8984375
376 329.033203125 554.619140625
377 333.544921875 564.287109375
378 335.478515625 570.087890625
379 339.345703125 557.197265625
380 350.302734375 556.875
381 350.625 565.576171875
382 350.302734375 570.732421875
383 358.037109375 562.03125
384 366.09375 562.353515625
385 362.2265625 570.41015625
386 362.87109375 579.755859375
387 372.861328125 568.798828125
388 373.505859375 576.533203125
389 366.416015625 577.177734375
390 370.283203125 589.423828125
391 378.017578125 587.490234375
392 382.20703125 593.291015625
393 374.150390625 594.90234375
394 370.60546875 603.92578125
395 372.216796875 611.337890625
396 362.548828125 599.091796875
397 361.904296875 607.1484375
398 363.837890625 621.005859375
399 359.6484375 613.59375
400 355.458984375 621.005859375
401 352.236328125 609.7265625
402 347.724609375 614.560546875
403 349.013671875 620.0390625
404 351.591796875 625.83984375
405 342.568359375 623.90625
406 339.345703125 618.75
407 337.734375 626.162109375
408 336.767578125 631.962890625
409 331.2890625 628.740234375
410 329.677734375 621.650390625
411 325.810546875 628.740234375
412 321.943359375 639.375
413 317.431640625 630.3515625
414 319.6875 624.228515625
415 314.208984375 634.541015625
416 303.251953125 635.185546875
417 376.728515625 581.044921875
418 378.662109375 572.666015625
419 385.4296875 574.599609375
420 387.36328125 585.234375
421 386.396484375 590.712890625
422 391.23046875 596.513671875
423 394.130859375 602.958984375
424 396.708984375 593.291015625
425 395.09765625 585.556640625
426 390.908203125 576.85546875
427 394.130859375 569.443359375
428 398.642578125 577.177734375
429 401.865234375 586.201171875
430 404.12109375 594.90234375
431 410.56640625 592.001953125
432 408.955078125 581.689453125
433 406.376953125 571.69921875
434 406.69921875 564.287109375
435 412.177734375 567.1875
436 416.044921875 576.85546875
437 417.01171875 586.845703125
438 420.556640625 593.61328125
439 428.935546875 590.068359375
440 426.03515625 577.822265625
441 422.16796875 569.443359375
442 421.201171875 562.998046875
443 429.580078125 560.7421875
444 431.8359375 568.4765625
445 432.802734375 578.466796875
446 432.802734375 585.556640625
447 436.669921875 590.390625
448 443.115234375 585.234375
449 455.0390625 584.267578125
450 451.494140625 592.001953125
451 462.451171875 586.845703125
452 469.541015625 586.5234375
453 464.384765625 578.14453125
454 462.451171875 572.666015625
455 457.939453125 565.25390625
456 456.650390625 575.56640625
457 449.23828125 578.466796875
458 450.205078125 566.865234375
459 446.337890625 572.34375
460 436.669921875 572.98828125
461 439.5703125 566.865234375
462 474.697265625 582.978515625
463 472.763671875 576.85546875
464 463.095703125 564.287109375
465 467.607421875 553.330078125
466 475.341796875 555.263671875
467 482.431640625 562.998046875
468 480.8203125 570.087890625
469 486.943359375 572.98828125
470 488.876953125 581.3671875
471 494.033203125 574.921875
472 493.06640625 569.443359375
473 488.232421875 564.287109375
474 485.654296875 558.486328125
475 483.076171875 552.041015625
476 491.455078125 550.751953125
477 497.255859375 561.38671875
478 504.0234375 564.609375
479 510.146484375 560.419921875
480 504.990234375 555.263671875
481 497.255859375 548.818359375
482 497.900390625 536.572265625
483 505.634765625 533.994140625
484 499.833984375 527.548828125
485 493.7109375 524.970703125
486 493.388671875 533.02734375
487 486.298828125 541.083984375
488 484.365234375 529.16015625
489 480.498046875 535.60546875
490 475.986328125 537.216796875
491 473.408203125 541.728515625
492 482.431640625 547.20703125
493 472.119140625 549.462890625
494 470.185546875 531.416015625
495 465.99609375 534.638671875
496 467.9296875 543.984375
497 461.484375 546.884765625
498 461.806640625 553.330078125
499 454.716796875 549.78515625
500 454.716796875 543.33984375
501 457.939453125 538.505859375
502 456.650390625 531.73828125
503 450.205078125 534.638671875
504 445.048828125 537.5390625
505 437.314453125 534.9609375
506 438.603515625 529.482421875
507 443.115234375 524.326171875
508 432.802734375 522.392578125
509 430.546875 530.44921875
510 426.6796875 534.9609375
511 420.556640625 533.671875
512 422.490234375 527.2265625
513 423.779296875 520.458984375
514 415.400390625 521.748046875
515 412.177734375 519.4921875
516 409.921875 524.6484375
517 412.822265625 528.837890625
518 410.888671875 534.638671875
519 406.376953125 530.126953125
520 404.443359375 537.861328125
521 401.865234375 533.994140625
522 395.7421875 537.216796875
523 400.25390625 541.40625
524 399.931640625 548.818359375
525 391.552734375 548.173828125
526 389.619140625 540.76171875
527 383.49609375 539.47265625
528 383.818359375 546.884765625
529 383.818359375 553.0078125
530 374.150390625 539.794921875
531 371.572265625 533.349609375
532 367.705078125 530.44921875
533 360.29296875 535.927734375
534 354.814453125 531.416015625
535 355.13671875 523.037109375
536 347.40234375 529.482421875
537 343.857421875 517.880859375
538 367.060546875 547.529296875
539 372.5390625 547.529296875
540 370.927734375 553.65234375
541 374.794921875 555.908203125
542 338.056640625 521.748046875
543 332.578125 507.568359375
544 331.611328125 515.947265625
545 326.455078125 517.236328125
546 326.77734375 509.82421875
547 323.876953125 504.345703125
548 317.75390625 501.4453125
549 309.052734375 496.611328125
550 309.697265625 506.923828125
551 302.28515625 512.724609375
552 308.0859375 514.3359375
553 314.853515625 508.53515625
554 318.720703125 513.369140625
555 316.46484375 520.78125
556 313.564453125 525.9375
557 314.208984375 533.671875
558 310.341796875 540.1171875
559 305.185546875 534.638671875
560 298.41796875 544.306640625
561 294.228515625 544.951171875
562 289.39453125 539.150390625
563 283.916015625 535.927734375
564 280.693359375 540.439453125
565 276.181640625 541.40625
566 271.669921875 533.349609375
567 263.291015625 538.828125
568 257.8125 533.994140625
569 254.267578125 539.794921875
570 252.333984375 531.416015625
571 246.533203125 535.927734375
572 260.068359375 508.212890625
573 260.712890625 502.08984375
574 264.580078125 500.15625
575 266.513671875 505.95703125
576 274.248046875 500.478515625
577 274.892578125 507.890625
578 281.337890625 504.0234375
579 285.205078125 497.255859375
580 287.138671875 504.990234375
581 291.005859375 499.833984375
582 294.873046875 496.2890625
583 303.896484375 497.578125
584 301.318359375 505.634765625
585 251.3671875 502.08984375
586 242.98828125 506.923828125
587 245.244140625 513.369140625
588 251.044921875 510.791015625
589 236.865234375 502.08984375
590 230.419921875 508.857421875
591 238.4765625 508.212890625
592 514.013671875 526.58203125
593 517.880859375 522.392578125
594 522.71484375 519.4921875
595 530.126953125 512.080078125
596 534.638671875 506.923828125
597 538.828125 500.80078125
598 561.064453125 462.451171875
599 543.33984375 491.455078125
600 546.884765625 487.265625
601 539.794921875 485.009765625
602 536.89453125 490.810546875
603 535.283203125 495.966796875
604 527.548828125 495.322265625
605 530.44921875 502.412109375
606 525.9375 506.279296875
607 525.29296875 513.046875
608 517.880859375 514.013671875
609 510.791015625 516.591796875
610 506.923828125 522.392578125
611 501.123046875 520.13671875
612 504.345703125 514.3359375
613 509.501953125 511.435546875
614 515.947265625 503.701171875
615 520.13671875 500.15625
616 522.71484375 495.966796875
617 528.515625 489.19921875
618 530.44921875 481.787109375
619 526.904296875 478.564453125
620 521.748046875 477.275390625
621 524.6484375 484.6875
622 518.525390625 490.48828125
623 515.302734375 495.0
624 513.369140625 487.587890625
625 517.236328125 479.208984375
626 521.103515625 470.185546875
627 515.302734375 468.896484375
628 508.212890625 473.0859375
629 510.791015625 477.919921875
630 504.990234375 482.431640625
631 506.6015625 487.91015625
632 499.833984375 489.521484375
633 495.966796875 482.75390625
634 499.833984375 476.953125
635 502.734375 468.251953125
636 507.568359375 465.673828125
637 508.212890625 459.55078125
638 501.123046875 459.228515625
639 496.93359375 462.451171875
640 494.35546875 472.119140625
641 490.810546875 476.630859375
642 488.232421875 483.720703125
643 483.076171875 479.853515625
644 482.75390625 474.375
645 488.232421875 468.251953125
646 491.77734375 463.095703125
647 494.033203125 455.361328125
648 488.876953125 448.59375
649 485.654296875 443.4375
650 484.04296875 452.138671875
651 484.6875 458.26171875
652 483.076171875 463.41796875
653 477.275390625 459.228515625
654 477.275390625 450.849609375
655 479.853515625 445.048828125
656 476.953125 441.826171875
657 472.119140625 452.783203125
658 472.119140625 460.517578125
659 475.341796875 466.318359375
660 478.564453125 473.0859375
661 469.21875 468.251953125
662 468.251953125 473.0859375
663 473.408203125 477.919921875
664 476.630859375 482.75390625
665 482.431640625 485.654296875
666 486.943359375 489.521484375
667 494.033203125 487.587890625
668 495.322265625 494.677734375
669 490.810546875 498.8671875
670 503.37890625 496.2890625
671 501.767578125 504.345703125
672 495.966796875 501.767578125
673 493.7109375 510.146484375
674 488.5546875 513.046875
675 485.009765625 507.568359375
676 490.48828125 504.0234375
677 484.6875 500.80078125
678 479.53125 497.578125
679 478.564453125 504.345703125
680 469.21875 503.701171875
681 475.341796875 495.966796875
682 471.474609375 487.265625
683 467.28515625 494.033203125
684 460.83984375 496.611328125
685 461.806640625 503.056640625
686 454.716796875 503.37890625
687 454.072265625 495.64453125
688 458.583984375 488.876953125
689 465.029296875 487.587890625
690 460.1953125 477.919921875
691 461.162109375 473.73046875
692 463.41796875 465.673828125
693 466.318359375 461.484375
694 463.41796875 456.005859375
695 459.228515625 460.517578125
696 456.97265625 451.494140625
697 452.783203125 452.138671875
698 454.072265625 442.1484375
699 449.8828125 440.21484375
700 445.37109375 443.115234375
701 443.759765625 449.560546875
702 437.958984375 440.859375
703 430.869140625 445.048828125
704 434.091796875 453.427734375
705 442.470703125 456.650390625
706 447.626953125 454.072265625
707 449.560546875 462.451171875
708 455.0390625 461.162109375
709 455.68359375 466.640625
710 452.138671875 470.5078125
711 453.75 476.630859375
712 448.271484375 477.919921875
713 443.759765625 472.119140625
714 443.115234375 465.673828125
715 438.28125 460.517578125
716 434.736328125 467.607421875
717 438.28125 475.6640625
718 444.08203125 480.17578125
719 449.8828125 485.654296875
720 447.3046875 494.677734375
721 442.1484375 488.232421875
722 435.380859375 480.8203125
723 428.935546875 480.17578125
724 430.546875 470.185546875
725 432.158203125 463.095703125
726 424.423828125 461.484375
727 427.646484375 453.427734375
728 420.234375 455.68359375
729 416.689453125 459.228515625
730 419.912109375 464.0625
731 415.078125 468.896484375
732 418.623046875 473.408203125
733 423.45703125 467.9296875
734 425.390625 473.408203125
735 422.8125 480.498046875
736 417.978515625 484.6875
737 422.8125 486.62109375
738 427.646484375 487.587890625
739 432.802734375 497.255859375
740 439.5703125 495.966796875
741 439.892578125 504.0234375
742 434.736328125 505.634765625
743 430.869140625 510.46875
744 425.712890625 505.634765625
745 425.712890625 513.369140625
746 419.267578125 513.046875
747 415.078125 508.857421875
748 417.01171875 503.701171875
749 425.068359375 498.544921875
750 425.068359375 492.744140625
751 419.912109375 491.455078125
752 417.978515625 498.8671875
753 411.85546875 499.833984375
754 409.921875 495.322265625
755 406.0546875 501.767578125
756 409.599609375 507.568359375
757 400.576171875 500.478515625
758 400.25390625 493.06640625
759 396.064453125 498.22265625
760 391.552734375 506.279296875
761 388.0078125 499.833984375
762 384.78515625 507.568359375
763 381.240234375 501.4453125
764 374.47265625 510.146484375
765 369.9609375 501.123046875
766 361.904296875 504.990234375
767 360.615234375 496.2890625
768 353.84765625 503.056640625
769 354.814453125 493.388671875
770 345.791015625 492.421875
771 343.857421875 499.833984375
772 340.3125 488.232421875
773 337.412109375 496.93359375
774 328.7109375 492.744140625
775 330.966796875 485.654296875
776 325.166015625 480.17578125
777 320.654296875 488.876953125
778 316.46484375 489.84375
779 311.630859375 486.62109375
780 302.607421875 481.787109375
781 295.1953125 485.9765625
782 291.650390625 479.208984375
783 298.095703125 474.375
784 304.541015625 475.986328125
785 309.697265625 479.208984375
786 315.8203125 474.375
787 312.275390625 469.21875
788 305.185546875 469.21875
789 297.7734375 467.607421875
790 289.716796875 467.607421875
791 281.337890625 470.830078125
792 274.892578125 466.962890625
793 275.859375 475.986328125
794 278.115234375 459.873046875
795 283.59375 463.41796875
796 288.10546875 460.517578125
797 283.916015625 456.005859375
798 288.75 450.52734375
799 282.3046875 446.015625
800 278.4375 448.916015625
801 276.181640625 434.4140625
802 271.025390625 442.79296875
803 268.125 450.52734375
804 265.224609375 445.37109375
805 256.201171875 446.337890625
806 258.45703125 453.75
807 247.822265625 454.716796875
808 252.65625 459.55078125
809 242.666015625 461.484375
810 238.798828125 455.68359375
811 235.8984375 462.7734375
812 236.865234375 472.44140625
813 230.09765625 475.01953125
814 225.263671875 473.0859375
815 221.07421875 457.939453125
816 229.453125 458.583984375
817 380.595703125 601.669921875
818 295.1953125 459.873046875
819 293.90625 450.52734375
820 305.830078125 455.68359375
821 300.673828125 460.83984375
822 308.408203125 461.806640625
823 311.630859375 454.39453125
824 315.17578125 460.517578125
825 320.009765625 454.072265625
826 324.84375 461.806640625
827 327.744140625 456.005859375
828 331.93359375 462.7734375
829 333.22265625 456.005859375
830 339.66796875 463.740234375
831 340.3125 456.005859375
832 346.7578125 461.806640625
833 346.11328125 453.10546875
834 351.591796875 459.228515625
835 354.814453125 454.716796875
836 357.71484375 462.7734375
837 361.259765625 453.427734375
838 363.515625 461.162109375
839 366.73828125 453.427734375
840 371.89453125 466.962890625
841 371.89453125 455.0390625
842 378.017578125 460.1953125
843 376.083984375 453.10546875
844 383.818359375 463.41796875
845 386.396484375 455.0390625
846 390.263671875 460.1953125
847 396.38671875 452.138671875
848 398.96484375 460.1953125
849 402.1875 452.138671875
850 407.34375 457.6171875
851 407.34375 447.94921875
852 411.533203125 464.0625
853 413.466796875 451.81640625
854 314.53125 447.626953125
855 307.763671875 446.66015625
856 300.029296875 444.404296875
857 306.474609375 437.958984375
858 314.208984375 439.5703125
859 320.654296875 436.34765625
860 313.2421875 432.158203125
861 299.70703125 433.447265625
862 305.185546875 425.390625
863 315.498046875 423.779296875
864 318.076171875 428.935546875
865 323.232421875 427.32421875
866 330.64453125 418.30078125
867 330.966796875 429.90234375
868 327.744140625 434.091796875
869 327.421875 443.115234375
870 336.767578125 443.4375
871 339.0234375 437.63671875
872 337.08984375 430.546875
873 340.3125 424.423828125
874 347.40234375 420.234375
875 348.369140625 425.712890625
876 342.568359375 430.546875
877 345.146484375 435.703125
878 349.013671875 439.248046875
879 354.169921875 436.669921875
880 358.359375 439.248046875
881 365.126953125 443.115234375
882 368.02734375 436.669921875
883 373.505859375 434.736328125
884 379.306640625 440.859375
885 386.07421875 436.669921875
886 392.51953125 438.92578125
887 397.67578125 436.34765625
888 400.576171875 430.869140625
889 407.666015625 429.2578125
890 408.955078125 423.779296875
891 408.955078125 411.85546875
892 400.576171875 410.888671875
893 401.220703125 400.576171875
894 398.642578125 393.486328125
895 394.130859375 390.908203125
896 392.841796875 400.25390625
897 395.419921875 409.599609375
898 388.974609375 411.85546875
899 394.453125 419.267578125
900 397.67578125 425.068359375
901 387.36328125 426.03515625
902 390.5859375 431.513671875
903 387.36328125 419.912109375
904 382.8515625 424.1015625
905 374.150390625 427.96875
906 378.662109375 433.447265625
907 367.060546875 424.1015625
908 364.482421875 430.224609375
909 355.458984375 432.802734375
910 359.00390625 423.134765625
911 352.880859375 426.357421875
912 342.568359375 448.271484375
913 404.443359375 441.826171875
914 418.9453125 440.21484375
915 409.27734375 401.54296875
916 406.0546875 390.263671875
917 399.931640625 387.685546875
918 406.376953125 377.6953125
919 391.875 377.373046875
920 394.130859375 367.705078125
921 398.96484375 377.373046875
922 402.83203125 362.87109375
923 399.931640625 371.25
924 413.14453125 363.193359375
925 407.666015625 368.349609375
926 417.01171875 377.373046875
927 418.623046875 372.216796875
928 420.556640625 361.904296875
929 427.646484375 365.126953125
930 429.580078125 374.150390625
931 423.134765625 368.349609375
932 427.96875 379.306640625
933 433.76953125 380.595703125
934 434.4140625 369.31640625
935 434.736328125 362.548828125
936 440.537109375 359.970703125
937 445.693359375 363.837890625
938 439.5703125 368.994140625
939 438.92578125 374.47265625
940 440.537109375 379.62890625
941 438.92578125 387.041015625
942 434.091796875 392.841796875
943 441.181640625 395.419921875
944 445.37109375 388.974609375
945 450.849609375 390.908203125
946 454.072265625 395.09765625
947 459.228515625 389.94140625
948 453.75 382.529296875
949 446.015625 382.529296875
950 451.494140625 376.728515625
951 455.361328125 370.283203125
952 450.52734375 364.482421875
953 459.228515625 361.904296875
954 465.029296875 363.193359375
955 460.83984375 370.60546875
956 459.873046875 376.728515625
957 466.962890625 381.240234375
958 461.806640625 383.49609375
959 470.5078125 388.974609375
960 466.318359375 394.775390625
961 469.541015625 401.220703125
962 465.99609375 406.376953125
963 458.26171875 406.376953125
964 461.806640625 414.755859375
965 455.361328125 420.234375
966 452.138671875 410.244140625
967 448.271484375 417.978515625
968 446.015625 410.244140625
969 437.314453125 417.333984375
970 426.6796875 413.466796875
971 431.19140625 421.201171875
972 421.5234375 414.111328125
973 419.267578125 426.357421875
974 422.16796875 432.158203125
975 414.111328125 432.158203125
976 418.30078125 420.556640625
977 438.603515625 409.599609375
978 471.15234375 409.599609375
979 476.630859375 402.1875
980 483.076171875 393.486328125
981 475.01953125 392.197265625
982 480.8203125 383.173828125
983 480.17578125 372.861328125
984 472.763671875 376.728515625
985 473.73046875 369.31640625
986 467.9296875 372.861328125
987 490.810546875 389.619140625
988 485.009765625 398.642578125
989 484.6875 403.798828125
990 480.17578125 405.732421875
991 476.630859375 412.177734375
992 484.365234375 414.111328125
993 490.166015625 409.599609375
994 491.77734375 402.83203125
995 497.255859375 396.064453125
996 499.189453125 385.751953125
997 509.501953125 387.685546875
998 514.658203125 388.65234375
999 512.724609375 393.486328125
1000 504.990234375 395.419921875
1001 505.634765625 400.8984375
1002 500.478515625 404.443359375
1003 496.611328125 408.310546875
1004 493.388671875 414.755859375
1005 491.455078125 421.5234375
1006 484.365234375 421.201171875
1007 493.7109375 430.224609375
1008 496.93359375 423.134765625
1009 500.80078125 432.158203125
1010 499.189453125 437.314453125
1011 506.279296875 435.380859375
1012 505.634765625 428.291015625
1013 504.66796875 419.58984375
1014 502.08984375 413.466796875
1015 509.501953125 409.921875
1016 510.46875 404.443359375
1017 515.302734375 397.353515625
1018 523.037109375 392.841796875
1019 525.29296875 398.3203125
1020 521.748046875 402.83203125
1021 515.625 406.376953125
1022 514.98046875 412.822265625
1023 517.236328125 417.65625
1024 511.11328125 421.845703125
1025 518.84765625 424.423828125
1026 517.236328125 431.513671875
1027 522.392578125 432.802734375
1028 513.69140625 437.958984375
1029 517.880859375 441.181640625
1030 522.392578125 446.982421875
1031 517.880859375 453.75
1032 513.69140625 450.849609375
1033 510.146484375 453.427734375
1034 504.0234375 450.52734375
1035 503.056640625 443.4375
1036 550.4296875 481.787109375
1037 538.828125 476.953125
1038 552.685546875 476.953125
1039 544.951171875 467.28515625
1040 545.2734375 474.052734375
1041 538.828125 468.896484375
1042 533.671875 471.15234375
1043 528.193359375 470.185546875
1044 528.193359375 462.12890625
1045 535.927734375 462.451171875
1046 518.525390625 463.095703125
1047 513.69140625 459.55078125
1048 524.326171875 456.005859375
1049 529.482421875 450.52734375
1050 533.349609375 458.26171875
1051 541.728515625 457.294921875
1052 546.5625 461.484375
1053 550.751953125 466.640625
1054 556.875 465.673828125
1055 555.5859375 470.185546875
1056 561.064453125 456.650390625
1057 565.576171875 450.205078125
1058 567.509765625 444.404296875
1059 571.69921875 438.28125
1060 573.955078125 432.48046875
1061 557.841796875 452.783203125
1062 548.818359375 456.97265625
1063 547.8515625 448.916015625
1064 540.1171875 444.404296875
1065 535.60546875 446.66015625
1066 531.09375 440.537109375
1067 527.2265625 438.92578125
1068 533.349609375 427.96875
1069 526.259765625 428.61328125
1070 524.326171875 420.87890625
1071 528.193359375 413.7890625
1072 525.615234375 405.732421875
1073 532.060546875 401.865234375
1074 537.861328125 408.310546875
1075 535.60546875 415.400390625
1076 541.083984375 421.201171875
1077 540.76171875 427.96875
1078 541.728515625 433.447265625
1079 533.349609375 419.912109375
1080 545.91796875 437.63671875
1081 553.974609375 441.826171875
1082 559.775390625 441.826171875
1083 563.642578125 435.703125
1084 562.03125 426.357421875
1085 559.453125 434.736328125
1086 552.685546875 433.447265625
1087 549.462890625 426.03515625
1088 546.240234375 419.58984375
1089 544.306640625 413.14453125
1090 552.041015625 416.689453125
1091 554.94140625 421.845703125
1092 562.353515625 421.845703125
1093 572.98828125 427.001953125
1094 568.154296875 417.65625
1095 566.220703125 412.177734375
1096 576.533203125 407.666015625
1097 579.755859375 404.443359375
1098 580.400390625 395.7421875
1099 582.333984375 390.5859375
1100 582.65625 383.818359375
1101 581.044921875 378.662109375
1102 586.845703125 371.572265625
1103 590.068359375 367.3828125
1104 594.580078125 363.193359375
1105 598.125 358.037109375
1106 596.513671875 352.880859375
1107 591.6796875 349.98046875
1108 584.58984375 347.40234375
1109 578.466796875 348.69140625
1110 575.56640625 355.13671875
1111 570.732421875 359.00390625
1112 562.998046875 365.771484375
1113 559.453125 369.9609375
1114 560.7421875 375.1171875
1115 557.51953125 380.91796875
1116 562.353515625 388.330078125
1117 570.41015625 397.03125
1118 565.576171875 394.775390625
1119 559.453125 401.220703125
1120 552.685546875 403.4765625
1121 545.595703125 404.12109375
1122 549.140625 409.921875
1123 553.974609375 411.85546875
1124 560.419921875 408.955078125
1125 564.931640625 404.443359375
1126 573.6328125 402.83203125
1127 575.244140625 393.486328125
1128 570.41015625 390.263671875
1129 576.533203125 385.4296875
1130 571.69921875 379.951171875
1131 563.642578125 382.529296875
1132 566.865234375 372.5390625
1133 575.244140625 370.60546875
1134 581.689453125 371.572265625
1135 581.044921875 363.837890625
1136 577.177734375 361.58203125
1137 582.978515625 354.814453125
1138 586.845703125 359.00390625
1139 591.357421875 356.103515625
1140 557.841796875 390.5859375
1141 555.5859375 386.07421875
1142 550.107421875 385.751953125
1143 546.240234375 377.373046875
1144 540.76171875 374.150390625
1145 542.05078125 379.951171875
1146 534.638671875 370.60546875
1147 529.482421875 379.62890625
1148 535.927734375 378.017578125
1149 524.6484375 373.505859375
1150 533.349609375 363.193359375
1151 529.16015625 373.505859375
1152 523.359375 364.8046875
1153 518.203125 365.126953125
1154 519.4921875 374.47265625
1155 511.7578125 368.671875
1156 508.857421875 363.515625
1157 504.345703125 369.31640625
1158 506.6015625 374.794921875
1159 499.189453125 368.671875
1160 494.35546875 374.794921875
1161 485.654296875 377.373046875
1162 492.099609375 380.595703125
1163 513.69140625 358.681640625
1164 518.203125 357.392578125
1165 517.55859375 350.302734375
1166 522.392578125 349.013671875
1167 515.625 340.634765625
1168 520.13671875 340.3125
1169 525.29296875 341.6015625
1170 522.392578125 331.611328125
1171 528.193359375 332.900390625
1172 524.326171875 324.84375
1173 530.126953125 325.48828125
1174 522.392578125 318.720703125
1175 532.3828125 320.009765625
1176 525.615234375 313.2421875
1177 517.880859375 308.73046875
1178 516.9140625 314.853515625
1179 525.615234375 306.474609375
1180 533.994140625 310.986328125
1181 538.18359375 305.830078125
1182 535.283203125 299.384765625
1183 529.16015625 298.41796875
1184 531.416015625 289.39453125
1185 536.572265625 289.072265625
1186 541.40625 290.361328125
1187 531.09375 283.271484375
1188 538.18359375 283.916015625
1189 543.662109375 284.560546875
1190 538.18359375 272.314453125
1191 532.060546875 275.21484375
1192 542.373046875 278.115234375
1193 547.20703125 269.091796875
1194 535.927734375 266.8359375
1195 556.875 268.76953125
1196 587.8125 275.537109375
1197 550.107421875 284.23828125
1198 545.91796875 294.55078125
1199 544.62890625 299.70703125
1200 552.041015625 290.0390625
1201 558.80859375 291.97265625
1202 553.330078125 300.3515625
1203 548.173828125 306.474609375
1204 548.49609375 312.275390625
1205 558.80859375 303.251953125
1206 562.67578125 299.384765625
1207 563.642578125 309.375
1208 555.263671875 311.630859375
1209 554.619140625 317.109375
1210 560.09765625 314.208984375
1211 569.12109375 310.01953125
1212 570.087890625 303.896484375
1213 575.56640625 307.763671875
1214 580.72265625 310.6640625
1215 585.234375 315.17578125
1216 592.001953125 316.787109375
1217 595.224609375 322.587890625
1218 594.2578125 328.388671875
1219 589.74609375 332.578125
1220 587.8125 338.701171875
1221 589.74609375 343.857421875
1222 580.72265625 341.279296875
1223 585.234375 333.544921875
1224 587.16796875 324.84375
1225 582.01171875 322.587890625
1226 574.599609375 315.498046875
1227 569.443359375 316.142578125
1228 569.443359375 320.9765625
1229 565.576171875 325.48828125
1230 558.486328125 325.166015625
1231 567.1875 332.255859375
1232 574.921875 323.876953125
1233 580.078125 330.322265625
1234 575.56640625 336.767578125
1235 559.775390625 331.2890625
1236 554.296875 337.412109375
1237 547.529296875 333.8671875
1238 543.33984375 342.568359375
1239 549.462890625 341.6015625
1240 548.173828125 348.69140625
1241 542.6953125 351.591796875
1242 546.240234375 357.71484375
1243 553.0078125 353.525390625
1244 557.197265625 359.326171875
1245 562.67578125 353.525390625
1246 567.83203125 354.169921875
1247 573.955078125 346.435546875
1248 476.953125 359.6484375
1249 484.365234375 359.6484375
1250 490.166015625 356.103515625
1251 494.677734375 349.3359375
1252 486.943359375 343.857421875
1253 487.91015625 349.98046875
1254 479.208984375 348.046875
1255 479.53125 339.990234375
1256 486.298828125 333.22265625
1257 493.7109375 337.734375
1258 498.544921875 326.77734375
1259 489.19921875 325.48828125
1260 493.7109375 329.35546875
1261 495.0 318.720703125
1262 502.412109375 320.654296875
1263 504.0234375 314.853515625
1264 512.080078125 308.73046875
1265 504.990234375 303.251953125
1266 510.46875 301.318359375
1267 518.203125 301.640625
1268 522.0703125 296.162109375
1269 517.880859375 293.26171875
1270 510.791015625 293.583984375
1271 505.3125 294.55078125
1272 504.345703125 286.494140625
1273 515.302734375 282.94921875
1274 521.748046875 283.59375
1275 524.6484375 278.759765625
1276 527.548828125 271.025390625
1277 529.16015625 262.646484375
1278 519.4921875 259.74609375
1279 519.169921875 269.736328125
1280 517.55859375 275.21484375
1281 511.7578125 278.115234375
1282 508.53515625 265.224609375
1283 505.634765625 260.068359375
1284 503.37890625 269.4140625
1285 506.923828125 273.603515625
1286 503.37890625 280.048828125
1287 497.255859375 279.08203125
1288 495.966796875 272.314453125
1289 491.1328125 266.19140625
1290 490.48828125 282.3046875
1291 497.255859375 285.52734375
1292 499.833984375 291.650390625
1293 493.7109375 296.162109375
1294 487.587890625 289.072265625
1295 483.076171875 292.294921875
1296 486.943359375 300.673828125
1297 490.166015625 308.408203125
1298 483.720703125 308.0859375
1299 481.142578125 301.318359375
1300 475.6640625 294.55078125
1301 470.830078125 301.318359375
1302 474.697265625 307.119140625
1303 479.208984375 310.341796875
1304 478.2421875 316.142578125
1305 468.896484375 311.953125
1306 465.673828125 306.796875
1307 462.7734375 318.076171875
1308 467.607421875 317.431640625
1309 472.763671875 323.5546875
1310 467.607421875 328.7109375
1311 462.451171875 324.84375
1312 457.939453125 330.966796875
1313 459.228515625 339.66796875
1314 465.673828125 339.0234375
1315 452.783203125 346.7578125
1316 460.83984375 351.591796875
1317 451.81640625 356.42578125
1318 375.1171875 305.185546875
1319 378.984375 310.341796875
1320 377.05078125 317.109375
1321 376.728515625 322.91015625
1322 378.33984375 329.35546875
1323 376.40625 337.412109375
1324 374.150390625 345.146484375
1325 366.73828125 340.95703125
1326 371.89453125 334.833984375
1327 368.994140625 322.265625
1328 370.283203125 313.88671875
1329 370.60546875 305.830078125
1330 364.482421875 302.9296875
1331 360.615234375 309.375
1332 365.126953125 312.59765625
1333 363.193359375 321.298828125
1334 359.00390625 329.35546875
1335 359.970703125 339.0234375
1336 355.458984375 345.146484375
1337 349.98046875 340.95703125
1338 353.203125 335.478515625
1339 352.236328125 321.298828125
1340 349.98046875 312.919921875
1341 348.369140625 307.763671875
1342 342.24609375 309.375
1343 343.212890625 314.53125
1344 344.1796875 323.5546875
1345 343.53515625 333.544921875
1346 343.857421875 339.0234375
1347 340.95703125 345.791015625
1348 334.51171875 342.890625
1349 334.51171875 335.15625
1350 338.701171875 328.388671875
1351 337.08984375 314.853515625
1352 332.578125 308.408203125
1353 322.265625 311.630859375
1354 327.421875 320.33203125
1355 327.421875 326.455078125
1356 327.099609375 333.22265625
1357 325.810546875 344.501953125
1358 325.166015625 351.26953125
1359 318.076171875 351.591796875
1360 319.6875 341.6015625
1361 320.33203125 333.8671875
1362 319.6875 325.48828125
1363 313.564453125 318.076171875
1364 311.953125 311.630859375
1365 304.541015625 314.208984375
1366 309.375 323.876953125
1367 312.275390625 330.0
1368 310.341796875 336.123046875
1369 310.6640625 342.24609375
1370 308.73046875 349.3359375
1371 311.630859375 357.0703125
1372 306.796875 361.259765625
1373 297.7734375 357.392578125
1374 301.640625 344.501953125
1375 304.21875 337.734375
1376 303.57421875 328.06640625
1377 300.673828125 318.076171875
1378 294.873046875 319.365234375
1379 296.162109375 328.388671875
1380 296.484375 336.4453125
1381 293.583984375 344.1796875
1382 285.849609375 344.1796875
1383 284.560546875 338.056640625
1384 291.97265625 331.93359375
1385 284.23828125 318.3984375
1386 285.205078125 324.521484375
1387 284.23828125 330.966796875
1388 276.826171875 330.0
1389 277.1484375 324.521484375
1390 276.826171875 338.37890625
1391 296.806640625 415.400390625
1392 290.361328125 408.955078125
1393 278.759765625 407.666015625
1394 269.091796875 407.98828125
1395 261.03515625 406.69921875
1396 243.955078125 401.865234375
1397 251.3671875 403.798828125
1398 235.576171875 396.708984375
1399 228.80859375 395.419921875
1400 224.296875 388.65234375
1401 221.71875 382.529296875
1402 217.20703125 376.728515625
1403 220.751953125 369.638671875
1404 212.05078125 379.951171875
1405 207.5390625 382.529296875
1406 210.1171875 391.23046875
1407 215.91796875 389.619140625
1408 212.6953125 397.03125
1409 208.505859375 402.509765625
1410 220.751953125 398.3203125
1411 215.91796875 405.087890625
1412 221.71875 403.798828125
1413 228.486328125 401.865234375
1414 232.353515625 407.34375
1415 221.07421875 411.85546875
1416 223.0078125 420.556640625
1417 231.38671875 414.43359375
1418 240.732421875 423.134765625
1419 240.087890625 412.5
1420 244.599609375 408.6328125
1421 246.533203125 417.01171875
1422 248.466796875 425.390625
1423 253.623046875 419.267578125
1424 255.87890625 414.43359375
1425 264.2578125 411.85546875
1426 268.447265625 415.400390625
1427 280.37109375 417.01171875
1428 276.826171875 425.068359375
1429 266.8359375 424.1015625
1430 262.32421875 417.978515625
1431 257.8125 423.779296875
1432 258.779296875 429.580078125
1433 247.822265625 432.802734375
1434 242.666015625 428.291015625
1435 240.41015625 433.125
1436 232.03125 439.5703125
1437 232.353515625 430.224609375
1438 227.51953125 427.32421875
1439 220.751953125 430.869140625
1440 224.619140625 437.314453125
1441 222.685546875 444.7265625
1442 215.2734375 443.4375
1443 215.2734375 452.4609375
1444 210.1171875 453.75
1445 203.02734375 448.916015625
1446 198.837890625 439.892578125
1447 194.00390625 444.7265625
1448 187.880859375 446.015625
1449 203.994140625 439.892578125
1450 212.05078125 437.958984375
1451 211.40625 431.513671875
1452 201.73828125 430.869140625
1453 193.681640625 431.513671875
1454 193.037109375 424.423828125
1455 200.126953125 422.8125
1456 207.861328125 423.779296875
1457 214.951171875 421.5234375
1458 206.25 410.888671875
1459 203.671875 417.01171875
1460 201.416015625 407.34375
1461 200.44921875 399.609375
1462 191.42578125 400.25390625
1463 189.814453125 405.732421875
1464 184.3359375 398.642578125
1465 182.724609375 410.244140625
1466 180.146484375 401.220703125
1467 175.634765625 405.41015625
1468 169.833984375 408.6328125
1469 175.3125 413.14453125
1470 174.990234375 418.9453125
1471 167.578125 418.623046875
1472 169.833984375 427.001953125
1473 155.009765625 431.8359375
1474 162.421875 419.58984375
1475 157.265625 413.466796875
1476 150.498046875 419.267578125
1477 147.275390625 413.14453125
1478 152.431640625 408.6328125
1479 140.5078125 417.978515625
1480 145.986328125 407.021484375
1481 138.251953125 404.765625
1482 136.962890625 409.921875
1483 130.517578125 417.01171875
1484 132.451171875 406.0546875
1485 124.716796875 402.1875
1486 119.8828125 411.85546875
1487 117.626953125 404.12109375
1488 116.015625 394.453125
1489 119.23828125 385.107421875
1490 126.650390625 389.94140625
1491 129.873046875 398.3203125
1492 131.162109375 387.36328125
1493 127.939453125 380.2734375
1494 127.294921875 374.47265625
1495 131.484375 370.60546875
1496 135.3515625 363.837890625
1497 139.86328125 361.259765625
1498 142.763671875 367.060546875
1499 139.541015625 375.76171875
1500 137.28515625 386.396484375
1501 140.185546875 394.130859375
1502 136.318359375 398.3203125
1503 146.30859375 396.708984375
1504 155.9765625 395.09765625
1505 157.587890625 404.443359375
1506 163.388671875 397.03125
1507 164.677734375 388.0078125
1508 160.166015625 386.07421875
1509 154.365234375 387.041015625
1510 148.564453125 382.20703125
1511 145.986328125 387.041015625
1512 148.564453125 374.150390625
1513 154.365234375 370.283203125
1514 153.3984375 379.62890625
1515 161.77734375 371.572265625
1516 167.255859375 380.2734375
1517 168.8671875 370.927734375
1518 175.634765625 379.306640625
1519 174.66796875 387.36328125
1520 185.302734375 376.40625
1521 191.42578125 383.818359375
1522 192.71484375 375.439453125
1523 197.87109375 388.0078125
1524 200.126953125 381.5625
1525 203.671875 389.296875
1526 204.31640625 373.505859375
1527 216.884765625 364.482421875
1528 208.18359375 364.482421875
1529 221.396484375 359.00390625
1530 229.130859375 354.4921875
1531 236.220703125 347.724609375
1532 245.56640625 346.11328125
1533 249.43359375 338.37890625
1534 241.0546875 331.611328125
1535 237.83203125 326.77734375
1536 236.865234375 339.345703125
1537 231.38671875 327.421875
1538 236.220703125 320.33203125
1539 229.453125 314.53125
1540 226.552734375 319.04296875
1541 222.041015625 325.166015625
1542 224.296875 330.966796875
1543 230.419921875 337.08984375
1544 223.974609375 343.53515625
1545 223.65234375 349.98046875
1546 215.595703125 348.69140625
1547 215.595703125 342.568359375
1548 218.173828125 337.734375
1549 212.05078125 335.15625
1550 207.861328125 344.1796875
1551 209.794921875 352.880859375
1552 203.02734375 357.71484375
1553 200.771484375 346.7578125
1554 192.392578125 348.69140625
1555 192.392578125 356.42578125
1556 198.193359375 361.904296875
1557 192.71484375 367.3828125
1558 185.947265625 361.904296875
1559 180.46875 357.71484375
1560 172.08984375 354.814453125
1561 173.701171875 349.013671875
1562 183.69140625 349.658203125
1563 187.236328125 344.1796875
1564 183.046875 335.15625
1565 193.681640625 337.412109375
1566 199.16015625 335.15625
1567 203.994140625 329.677734375
1568 210.439453125 325.48828125
1569 214.306640625 320.9765625
1570 218.818359375 317.109375
1571 219.140625 308.73046875
1572 213.662109375 306.796875
1573 211.083984375 311.953125
1574 209.150390625 317.75390625
1575 202.060546875 319.04296875
1576 194.970703125 320.009765625
1577 194.326171875 326.77734375
1578 187.880859375 326.1328125
1579 189.169921875 319.04296875
1580 197.87109375 312.919921875
1581 204.31640625 310.01953125
1582 205.283203125 301.318359375
1583 196.259765625 299.70703125
1584 191.103515625 305.830078125
1585 186.9140625 311.630859375
1586 172.412109375 315.8203125
1587 179.82421875 318.076171875
1588 178.857421875 326.455078125
1589 181.11328125 306.796875
1590 187.55859375 299.384765625
1591 190.78125 295.1953125
1592 183.369140625 291.005859375
1593 179.501953125 296.162109375
1594 175.3125 307.119140625
1595 169.189453125 309.697265625
1596 163.7109375 308.0859375
1597 165.64453125 301.640625
1598 171.767578125 293.583984375
1599 164.033203125 294.228515625
1600 158.876953125 298.095703125
1601 151.142578125 299.70703125
1602 146.953125 302.607421875
1603 142.119140625 307.44140625
1604 144.697265625 314.53125
1605 150.498046875 311.630859375
1606 155.654296875 312.275390625
1607 149.53125 319.6875
1608 144.375 324.521484375
1609 143.0859375 329.033203125
1610 140.5078125 334.51171875
1611 133.095703125 339.345703125
1612 132.451171875 344.82421875
1613 139.541015625 346.435546875
1614 145.01953125 340.3125
1615 148.564453125 333.8671875
1616 152.109375 342.568359375
1617 156.298828125 324.84375
1618 163.388671875 322.265625
1619 162.099609375 331.2890625
1620 161.455078125 343.53515625
1621 165.966796875 342.890625
1622 169.189453125 328.7109375
1623 176.279296875 331.2890625
1624 176.923828125 338.37890625
1625 174.990234375 344.1796875
1626 147.59765625 351.26953125
1627 155.654296875 351.9140625
1628 159.19921875 355.458984375
1629 120.849609375 364.482421875
1630 113.759765625 365.771484375
1631 105.380859375 365.44921875
1632 195.29296875 236.220703125
1633 194.326171875 230.7421875
1634 188.525390625 228.1640625
1635 184.3359375 222.041015625
1636 179.82421875 213.984375
1637 186.591796875 211.728515625
1638 191.748046875 219.140625
1639 195.9375 222.041015625
1640 204.638671875 224.619140625
1641 201.416015625 229.775390625
1642 203.02734375 234.287109375
1643 209.794921875 228.1640625
1644 213.984375 224.296875
1645 215.595703125 230.7421875
1646 222.041015625 225.908203125
1647 224.296875 218.818359375
1648 216.240234375 215.2734375
1649 211.083984375 214.951171875
1650 204.9609375 217.529296875
1651 200.44921875 214.306640625
1652 194.00390625 212.373046875
1653 191.42578125 207.216796875
1654 201.73828125 209.150390625
1655 207.216796875 209.47265625
1656 214.62890625 208.18359375
1657 222.041015625 208.18359375
1658 229.775390625 207.216796875
1659 222.36328125 201.416015625
1660 216.884765625 200.44921875
1661 209.47265625 199.16015625
1662 203.994140625 202.3828125
1663 196.904296875 202.3828125
1664 191.748046875 201.416015625
1665 193.359375 195.9375
1666 199.482421875 191.748046875
1667 202.060546875 196.904296875
1668 207.861328125 192.0703125
1669 216.5625 192.392578125
1670 225.5859375 194.970703125
1671 226.23046875 189.4921875
1672 213.017578125 185.302734375
1673 206.25 184.658203125
1674 200.126953125 185.302734375
1675 193.037109375 186.26953125
1676 191.42578125 178.857421875
1677 188.525390625 173.37890625
1678 198.837890625 178.212890625
1679 205.283203125 175.95703125
1680 211.728515625 177.24609375
1681 218.49609375 178.857421875
1682 219.462890625 185.302734375
1683 217.8515625 170.478515625
1684 212.373046875 169.189453125
1685 203.994140625 169.51171875
1686 198.837890625 165.64453125
1687 192.0703125 168.8671875
1688 189.814453125 162.744140625
1689 192.71484375 157.91015625
1690 203.02734375 160.166015625
1691 209.150390625 163.06640625
1692 213.017578125 159.84375
1693 226.23046875 162.421875
1694 224.94140625 167.900390625
1695 231.38671875 169.189453125
1696 223.974609375 173.701171875
1697 221.396484375 164.033203125
1698 222.36328125 155.33203125
1699 267.802734375 150.498046875
1700 219.140625 147.275390625
1701 215.2734375 153.3984375
1702 208.828125 154.04296875
1703 212.373046875 144.697265625
1704 204.31640625 144.052734375
1705 203.671875 149.208984375
1706 198.837890625 154.6875
1707 193.359375 149.853515625
1708 186.26953125 153.3984375
1709 185.947265625 145.341796875
1710 190.78125 141.474609375
1711 196.259765625 136.962890625
1712 203.994140625 134.70703125
1713 216.240234375 132.12890625
1714 218.818359375 126.97265625
1715 212.6953125 137.9296875
1716 197.2265625 143.408203125
1717 193.359375 132.451171875
1718 185.947265625 134.384765625
1719 182.080078125 139.541015625
1720 185.947265625 126.97265625
1721 182.724609375 121.81640625
1722 178.212890625 117.94921875
1723 170.478515625 116.982421875
1724 167.900390625 111.50390625
1725 176.279296875 107.958984375
1726 177.24609375 100.546875
1727 179.82421875 93.134765625
1728 180.46875 86.689453125
1729 175.95703125 80.56640625
1730 175.634765625 75.087890625
1731 181.7578125 72.83203125
1732 187.55859375 69.931640625
1733 193.359375 64.775390625
1734 198.515625 66.708984375
1735 194.970703125 69.931640625
1736 190.13671875 76.376953125
1737 192.71484375 82.5
1738 189.4921875 88.30078125
1739 188.525390625 99.580078125
1740 186.9140625 108.28125
1741 193.037109375 117.626953125
1742 197.2265625 125.0390625
1743 204.31640625 126.97265625
1744 208.828125 120.205078125
1745 214.62890625 118.271484375
1746 218.818359375 121.81640625
1747 226.875 115.048828125
1748 234.931640625 114.7265625
1749 241.0546875 114.404296875
1750 243.310546875 104.736328125
1751 239.443359375 99.2578125
1752 241.0546875 93.134765625
1753 242.666015625 87.333984375
1754 240.732421875 81.85546875
1755 244.599609375 77.021484375
1756 242.98828125 70.576171875
1757 243.6328125 63.1640625
1758 234.931640625 56.396484375
1759 228.486328125 55.107421875
1760 225.263671875 60.5859375
1761 219.78515625 54.462890625
1762 214.306640625 53.173828125
1763 210.439453125 58.330078125
1764 203.994140625 55.751953125
1765 203.02734375 63.486328125
1766 208.828125 67.03125
1767 216.5625 61.875
1768 221.396484375 68.3203125
1769 228.80859375 66.38671875
1770 236.220703125 67.998046875
1771 238.154296875 75.087890625
1772 233.96484375 79.921875
1773 234.609375 87.65625
1774 232.67578125 93.134765625
1775 229.130859375 98.935546875
1776 235.576171875 104.736328125
1777 225.908203125 107.63671875
1778 217.20703125 106.669921875
1779 210.76171875 109.892578125
1780 205.283203125 114.404296875
1781 198.193359375 114.404296875
1782 195.29296875 106.34765625
1783 201.09375 104.736328125
1784 206.89453125 101.19140625
1785 214.951171875 97.646484375
1786 222.685546875 97.646484375
1787 226.875 91.845703125
1788 221.07421875 81.85546875
1789 220.751953125 73.798828125
1790 200.126953125 74.765625
1791 207.5390625 74.765625
1792 214.62890625 78.955078125
1793 213.662109375 85.400390625
1794 212.373046875 92.16796875
1795 204.638671875 92.490234375
1796 206.25 81.533203125
1797 197.2265625 87.65625
1798 200.126953125 94.423828125
1799 195.29296875 97.96875
1800 244.921875 117.626953125
1801 247.177734375 109.5703125
1802 248.466796875 100.869140625
1803 250.078125 93.779296875
1804 255.556640625 89.912109375
1805 258.779296875 94.74609375
1806 255.556640625 100.869140625
1807 253.623046875 106.669921875
1808 254.267578125 112.1484375
1809 252.333984375 119.23828125
1810 252.65625 126.328125
1811 258.45703125 131.484375
1812 258.134765625 118.59375
1813 258.45703125 108.603515625
1814 262.001953125 103.447265625
1815 268.76953125 101.513671875
1816 267.802734375 108.603515625
1817 261.6796875 114.7265625
1818 263.935546875 120.849609375
1819 264.2578125 128.583984375
1820 260.712890625 136.640625
1821 264.90234375 142.119140625
1822 271.025390625 133.095703125
1823 271.025390625 121.494140625
1824 272.958984375 113.4375
1825 272.314453125 106.025390625
1826 276.50390625 101.19140625
1827 284.560546875 100.546875
1828 281.337890625 107.958984375
1829 279.404296875 116.015625
1830 276.50390625 123.427734375
1831 278.115234375 129.228515625
1832 274.5703125 137.28515625
1833 275.537109375 143.0859375
1834 273.92578125 148.564453125
1835 272.63671875 156.62109375
1836 276.50390625 163.388671875
1837 278.115234375 155.009765625
1838 283.271484375 161.77734375
1839 281.337890625 170.478515625
1840 279.7265625 179.1796875
1841 271.025390625 169.189453125
1842 271.669921875 178.857421875
1843 280.693359375 184.013671875
1844 288.75 184.3359375
1845 286.494140625 175.634765625
1846 291.005859375 175.95703125
1847 299.0625 175.95703125
1848 291.328125 168.22265625
1849 306.796875 169.833984375
1850 299.384765625 168.8671875
1851 296.484375 162.744140625
1852 300.99609375 159.521484375
1853 307.763671875 162.744140625
1854 313.564453125 164.35546875
1855 316.142578125 157.587890625
1856 322.265625 155.009765625
1857 320.654296875 143.73046875
1858 310.341796875 147.919921875
1859 308.408203125 155.654296875
1860 302.28515625 147.919921875
1861 306.796875 139.541015625
1862 314.53125 139.541015625
1863 324.521484375 137.28515625
1864 334.189453125 142.763671875
1865 331.2890625 133.740234375
1866 326.77734375 129.228515625
1867 320.33203125 128.583984375
1868 314.853515625 129.873046875
1869 307.44140625 125.68359375
1870 304.21875 132.7734375
1871 300.99609375 140.185546875
1872 289.716796875 138.251953125
1873 296.162109375 127.294921875
1874 301.318359375 122.783203125
1875 289.39453125 123.427734375
1876 286.81640625 130.83984375
1877 284.560546875 137.9296875
1878 280.37109375 134.384765625
1879 282.94921875 124.716796875
1880 284.8828125 117.94921875
1881 286.494140625 111.181640625
1882 287.138671875 106.025390625
1883 291.650390625 101.513671875
1884 296.162109375 104.091796875
1885 295.83984375 111.826171875
1886 298.740234375 115.37109375
1887 304.541015625 108.28125
1888 307.44140625 105.380859375
1889 311.630859375 103.76953125
1890 311.630859375 111.826171875
1891 310.6640625 118.59375
1892 316.46484375 119.560546875
1893 318.3984375 113.4375
1894 319.04296875 108.603515625
1895 326.1328125 107.63671875
1896 328.06640625 114.7265625
1897 322.91015625 120.52734375
1898 330.64453125 122.783203125
1899 335.80078125 122.4609375
1900 341.279296875 117.626953125
1901 342.890625 111.50390625
1902 351.9140625 108.603515625
1903 353.84765625 114.404296875
1904 344.82421875 124.072265625
1905 338.37890625 129.228515625
1906 337.734375 135.3515625
1907 343.53515625 133.740234375
1908 354.814453125 129.55078125
1909 351.9140625 124.072265625
1910 346.7578125 129.55078125
1911 353.203125 100.224609375
1912 358.037109375 91.845703125
1913 362.548828125 84.755859375
1914 358.037109375 75.732421875
1915 352.880859375 80.888671875
1916 349.3359375 89.267578125
1917 349.013671875 96.6796875
1918 344.501953125 104.4140625
1919 336.4453125 100.546875
1920 342.890625 96.6796875
1921 342.24609375 89.58984375
1922 342.890625 81.533203125
1923 350.625 75.41015625
1924 354.169921875 68.642578125
1925 350.625 60.908203125
1926 345.791015625 67.03125
1927 338.701171875 71.54296875
1928 336.4453125 76.376953125
1929 336.4453125 82.177734375
1930 337.412109375 88.623046875
1931 327.421875 92.16796875
1932 320.33203125 95.390625
1933 327.099609375 100.869140625
1934 320.33203125 102.48046875
1935 313.88671875 98.291015625
1936 324.19921875 87.978515625
1937 326.455078125 80.56640625
1938 324.84375 75.41015625
1939 332.578125 70.8984375
1940 338.37890625 64.453125
1941 333.8671875 60.5859375
1942 329.033203125 58.65234375
1943 324.19921875 62.51953125
1944 318.076171875 62.197265625
1945 317.431640625 68.642578125
1946 319.04296875 78.310546875
1947 307.119140625 86.689453125
1948 316.46484375 87.65625
1949 311.953125 91.5234375
1950 308.408203125 94.74609375
1951 304.21875 98.61328125
1952 294.55078125 95.390625
1953 300.3515625 89.912109375
1954 306.796875 80.888671875
1955 310.986328125 65.09765625
1956 304.21875 73.798828125
1957 300.99609375 67.998046875
1958 297.7734375 63.80859375
1959 293.583984375 71.220703125
1960 295.83984375 77.666015625
1961 298.740234375 83.14453125
1962 292.939453125 85.72265625
1963 288.10546875 77.98828125
1964 286.81640625 72.1875
1965 286.494140625 66.38671875
1966 279.7265625 63.1640625
1967 276.50390625 68.642578125
1968 279.7265625 77.021484375
1969 283.271484375 80.244140625
1970 286.494140625 88.30078125
1971 282.94921875 94.423828125
1972 274.5703125 93.45703125
1973 265.869140625 97.32421875
1974 278.759765625 87.333984375
1975 271.9921875 82.5
1976 268.447265625 87.978515625
1977 262.32421875 90.556640625
1978 260.390625 83.466796875
1979 255.556640625 82.177734375
1980 251.3671875 77.021484375
1981 249.111328125 83.466796875
1982 251.044921875 71.220703125
1983 252.978515625 61.552734375
1984 260.712890625 62.841796875
1985 259.423828125 67.998046875
1986 257.16796875 73.4765625
1987 264.2578125 77.34375
1988 266.8359375 72.83203125
1989 270.05859375 70.25390625
1990 266.8359375 64.453125
1991 271.9921875 58.974609375
1992 312.919921875 74.443359375
1993 330.0 66.38671875
1994 338.37890625 55.107421875
1995 364.8046875 65.09765625
1996 373.505859375 72.509765625
1997 372.216796875 80.244140625
1998 368.671875 88.30078125
1999 374.47265625 96.03515625
2000 381.5625 78.955078125
2001 385.751953125 76.69921875
2002 381.240234375 86.3671875
2003 376.083984375 90.556640625
2004 176.6015625 66.38671875
2005 170.15625 73.154296875
2006 177.890625 53.173828125
2007 157.91015625 48.017578125
2008 381.5625 102.48046875
2009 387.36328125 90.87890625
2010 394.453125 88.623046875
2011 393.1640625 104.4140625
2012 387.36328125 99.580078125
2013 382.20703125 95.712890625
2014 381.240234375 113.4375
2015 387.685546875 107.958984375
2016 389.94140625 113.4375
2017 385.751953125 128.583984375
2018 389.619140625 121.494140625
2019 383.173828125 118.916015625
2020 400.25390625 115.37109375
2021 405.41015625 110.537109375
2022 401.54296875 104.091796875
2023 396.064453125 118.916015625
2024 389.619140625 134.384765625
2025 394.775390625 141.796875
2026 400.8984375 124.072265625
2027 412.822265625 118.271484375
2028 410.888671875 125.68359375
2029 401.220703125 131.806640625
2030 401.865234375 138.251953125
2031 408.6328125 141.796875
2032 410.56640625 134.70703125
2033 416.689453125 127.939453125
2034 421.845703125 124.072265625
2035 427.646484375 129.228515625
2036 414.43359375 145.341796875
2037 417.65625 138.896484375
2038 424.1015625 135.673828125
2039 433.447265625 135.673828125
2040 433.125 141.796875
2041 420.87890625 149.208984375
2042 416.689453125 152.75390625
2043 422.8125 155.9765625
2044 429.2578125 152.75390625
2045 438.92578125 148.2421875
2046 444.404296875 146.953125
2047 447.3046875 151.787109375
2048 438.603515625 157.91015625
2049 429.580078125 160.48828125
2050 432.802734375 165.322265625
2051 439.892578125 164.033203125
2052 446.982421875 160.166015625
2053 454.39453125 158.232421875
2054 461.484375 161.455078125
2055 446.337890625 166.2890625
2056 436.9921875 169.51171875
2057 434.091796875 174.345703125
2058 442.1484375 175.3125
2059 450.849609375 171.767578125
2060 459.228515625 169.833984375
2061 465.029296875 171.4453125
2062 465.3515625 177.24609375
2063 447.626953125 180.791015625
2064 440.21484375 181.7578125
2065 434.736328125 183.69140625
2066 440.21484375 187.880859375
2067 452.4609375 186.26953125
2068 459.873046875 188.203125
2069 456.97265625 193.681640625
2070 448.59375 193.681640625
2071 433.76953125 192.392578125
2072 437.63671875 199.16015625
2073 445.048828125 210.439453125
2074 444.404296875 201.73828125
2075 453.10546875 204.31640625
2076 437.314453125 205.60546875
2077 427.96875 200.44921875
2078 422.8125 197.548828125
2079 427.96875 206.572265625
2080 431.513671875 212.05078125
2081 436.9921875 210.76171875
2082 440.537109375 216.5625
2083 446.015625 218.173828125
2084 439.892578125 221.71875
2085 414.43359375 197.548828125
2086 418.30078125 202.3828125
2087 420.87890625 206.89453125
2088 424.423828125 211.083984375
2089 428.935546875 218.173828125
2090 431.8359375 221.71875
2091 437.314453125 228.80859375
2092 440.537109375 234.287109375
2093 445.693359375 242.34375
2094 442.1484375 247.5
2095 430.869140625 240.087890625
2096 432.158203125 231.064453125
2097 436.669921875 245.56640625
2098 426.03515625 228.486328125
2099 420.556640625 220.751953125
2100 418.9453125 215.91796875
2101 416.044921875 210.1171875
2102 412.822265625 203.994140625
2103 409.921875 195.9375
2104 405.41015625 193.037109375
2105 402.1875 197.2265625
2106 405.41015625 203.02734375
2107 411.2109375 213.984375
2108 414.43359375 218.818359375
2109 419.267578125 227.197265625
2110 421.845703125 235.25390625
2111 426.03515625 241.376953125
2112 430.546875 246.85546875
2113 433.125 254.267578125
2114 423.779296875 256.201171875
2115 421.845703125 245.888671875
2116 416.689453125 238.154296875
2117 414.755859375 250.72265625
2118 418.30078125 256.845703125
2119 416.689453125 263.291015625
2120 411.2109375 264.2578125
2121 407.34375 251.689453125
2122 407.021484375 244.599609375
2123 409.27734375 237.83203125
2124 398.96484375 241.0546875
2125 399.931640625 251.689453125
2126 404.12109375 257.490234375
2127 406.0546875 263.61328125
2128 395.09765625 269.4140625
2129 392.197265625 259.423828125
2130 398.96484375 261.03515625
2131 393.486328125 252.978515625
2132 392.197265625 245.56640625
2133 394.453125 233.96484375
2134 401.54296875 234.931640625
2135 408.6328125 228.80859375
2136 407.021484375 224.296875
2137 400.576171875 225.5859375
2138 394.130859375 225.908203125
2139 392.841796875 219.140625
2140 398.642578125 217.8515625
2141 406.0546875 218.173828125
2142 405.087890625 211.728515625
2143 398.3203125 210.439453125
2144 393.486328125 210.1171875
2145 385.751953125 209.150390625
2146 384.462890625 204.9609375
2147 390.908203125 203.349609375
2148 395.7421875 195.9375
2149 397.03125 201.09375
2150 388.330078125 186.9140625
2151 388.330078125 196.58203125
2152 382.529296875 197.2265625
2153 379.306640625 202.3828125
2154 375.76171875 197.87109375
2155 373.18359375 192.71484375
2156 381.5625 188.84765625
2157 381.884765625 182.080078125
2158 376.728515625 183.046875
2159 369.31640625 183.046875
2160 368.02734375 189.4921875
2161 369.9609375 195.29296875
2162 365.44921875 194.970703125
2163 362.548828125 188.203125
2164 361.58203125 179.501953125
2165 366.73828125 177.568359375
2166 374.47265625 175.95703125
2167 366.416015625 171.123046875
2168 355.78125 174.345703125
2169 353.84765625 179.82421875
2170 356.748046875 185.947265625
2171 358.681640625 192.71484375
2172 355.13671875 197.548828125
2173 350.302734375 186.9140625
2174 339.66796875 186.591796875
2175 341.923828125 180.791015625
2176 345.146484375 191.103515625
2177 347.080078125 198.515625
2178 347.724609375 203.994140625
2179 355.78125 203.349609375
2180 362.87109375 199.8046875
2181 371.572265625 204.638671875
2182 362.2265625 207.216796875
2183 355.78125 209.47265625
2184 349.3359375 210.1171875
2185 351.26953125 217.529296875
2186 356.103515625 218.818359375
2187 367.060546875 214.306640625
2188 375.76171875 211.40625
2189 380.91796875 212.6953125
2190 379.306640625 218.173828125
2191 373.505859375 219.140625
2192 363.193359375 216.884765625
2193 361.58203125 222.685546875
2194 354.4921875 223.330078125
2195 352.236328125 227.841796875
2196 362.87109375 228.80859375
2197 368.671875 225.263671875
2198 375.76171875 224.619140625
2199 380.91796875 224.619140625
2200 386.396484375 222.041015625
2201 388.65234375 228.486328125
2202 376.40625 230.419921875
2203 365.771484375 232.998046875
2204 361.904296875 237.1875
2205 365.771484375 243.955078125
2206 384.462890625 233.642578125
2207 371.89453125 240.087890625
2208 362.548828125 252.01171875
2209 368.02734375 249.111328125
2210 373.505859375 245.56640625
2211 378.984375 243.955078125
2212 380.2734375 238.4765625
2213 389.619140625 238.798828125
2214 386.396484375 245.56640625
2215 380.2734375 250.078125
2216 370.60546875 254.58984375
2217 372.861328125 260.390625
2218 379.62890625 256.845703125
2219 385.107421875 257.490234375
2220 387.36328125 262.646484375
2221 387.041015625 268.447265625
2222 377.373046875 266.513671875
2223 380.2734375 280.048828125
2224 369.638671875 266.8359375
2225 361.58203125 269.4140625
2226 372.861328125 274.5703125
2227 364.8046875 263.291015625
2228 353.84765625 267.48046875
2229 359.6484375 256.845703125
2230 354.4921875 253.9453125
2231 358.037109375 246.533203125
2232 355.78125 241.69921875
2233 350.302734375 238.154296875
2234 350.302734375 249.111328125
2235 343.212890625 252.01171875
2236 356.42578125 234.287109375
2237 347.080078125 228.486328125
2238 345.791015625 235.25390625
2239 343.857421875 240.41015625
2240 343.857421875 246.533203125
2241 336.123046875 245.244140625
2242 331.93359375 237.1875
2243 338.701171875 237.1875
2244 340.634765625 232.67578125
2245 336.123046875 231.064453125
2246 340.634765625 223.65234375
2247 346.11328125 220.107421875
2248 343.857421875 215.2734375
2249 343.53515625 209.150390625
2250 341.923828125 200.771484375
2251 338.056640625 205.283203125
2252 334.189453125 200.126953125
2253 337.412109375 194.6484375
2254 326.455078125 180.791015625
2255 333.22265625 183.046875
2256 331.611328125 192.71484375
2257 326.455078125 195.29296875
2258 327.421875 188.203125
2259 319.365234375 185.625
2260 318.076171875 190.78125
2261 308.73046875 196.58203125
2262 317.431640625 197.2265625
2263 318.076171875 204.31640625
2264 322.587890625 199.8046875
2265 329.677734375 203.02734375
2266 323.876953125 208.18359375
2267 330.966796875 209.794921875
2268 335.478515625 209.794921875
2269 329.35546875 216.884765625
2270 338.37890625 217.8515625
2271 336.123046875 225.263671875
2272 331.611328125 230.7421875
2273 322.91015625 231.064453125
2274 325.48828125 222.041015625
2275 320.009765625 215.91796875
2276 314.853515625 211.728515625
2277 312.275390625 206.25
2278 306.796875 201.73828125
2279 301.318359375 204.31640625
2280 298.740234375 195.29296875
2281 292.939453125 198.193359375
2282 294.55078125 203.994140625
2283 294.55078125 211.083984375
2284 300.029296875 213.662109375
2285 304.21875 223.0078125
2286 307.763671875 215.91796875
2287 311.630859375 222.685546875
2288 310.6640625 230.09765625
2289 311.953125 235.8984375
2290 304.541015625 236.220703125
2291 303.896484375 245.244140625
2292 300.029296875 229.775390625
2293 291.97265625 227.51953125
2294 293.90625 245.56640625
2295 295.517578125 253.623046875
2296 295.1953125 236.220703125
2297 300.029296875 240.732421875
2298 299.384765625 245.56640625
2299 306.474609375 257.490234375
2300 308.0859375 262.32421875
2301 299.0625 257.490234375
2302 308.408203125 270.380859375
2303 302.607421875 271.9921875
2304 293.583984375 265.869140625
2305 283.916015625 272.314453125
2306 282.3046875 266.8359375
2307 289.716796875 260.390625
2308 287.783203125 255.556640625
2309 280.693359375 258.134765625
2310 277.1484375 263.935546875
2311 271.025390625 266.513671875
2312 265.869140625 256.5234375
2313 259.423828125 263.61328125
2314 257.8125 252.65625
2315 262.001953125 249.755859375
2316 269.091796875 250.400390625
2317 274.5703125 254.267578125
2318 282.626953125 246.2109375
2319 288.427734375 243.955078125
2320 282.3046875 239.12109375
2321 275.21484375 243.310546875
2322 270.05859375 239.443359375
2323 275.859375 234.931640625
2324 285.205078125 230.7421875
2325 283.271484375 217.8515625
2326 292.294921875 218.49609375
2327 287.783203125 211.40625
2328 290.0390625 206.25
2329 286.171875 201.09375
2330 286.81640625 195.9375
2331 279.7265625 193.037109375
2332 280.048828125 202.3828125
2333 270.703125 207.861328125
2334 274.5703125 213.017578125
2335 298.095703125 219.462890625
2336 281.337890625 224.296875
2337 275.859375 219.140625
2338 268.76953125 218.49609375
2339 280.37109375 210.1171875
2340 274.892578125 187.880859375
2341 260.068359375 191.103515625
2342 271.34765625 199.16015625
2343 270.380859375 192.71484375
2344 268.125 185.947265625
2345 262.001953125 185.625
2346 251.689453125 189.169921875
2347 250.72265625 180.791015625
2348 242.98828125 181.11328125
2349 235.25390625 178.212890625
2350 225.5859375 178.857421875
2351 228.80859375 183.046875
2352 232.998046875 185.947265625
2353 237.509765625 189.4921875
2354 233.3203125 194.970703125
2355 231.708984375 201.09375
2356 235.8984375 205.60546875
2357 241.69921875 197.87109375
2358 247.5 197.548828125
2359 243.310546875 204.9609375
2360 240.087890625 210.1171875
2361 236.865234375 217.8515625
2362 229.775390625 222.685546875
2363 231.708984375 229.453125
2364 236.54296875 231.708984375
2365 240.732421875 224.619140625
2366 245.56640625 215.2734375
2367 250.400390625 208.505859375
2368 255.87890625 201.09375
2369 262.96875 201.09375
2370 257.8125 211.40625
2371 249.43359375 218.818359375
2372 251.044921875 224.94140625
2373 251.3671875 232.998046875
2374 251.3671875 241.69921875
2375 258.779296875 239.443359375
2376 260.068359375 228.486328125
2377 259.74609375 222.041015625
2378 271.34765625 227.841796875
2379 264.580078125 213.017578125
2380 239.443359375 142.763671875
2381 249.43359375 162.421875
2382 338.37890625 157.265625
2383 366.73828125 146.30859375
2384 372.5390625 121.171875
2385 389.94140625 160.810546875
2386 409.27734375 170.478515625
2387 308.73046875 548.818359375
2388 290.361328125 572.34375
2389 288.10546875 553.330078125
2390 297.7734375 552.685546875
2391 358.037109375 546.240234375
2392 207.5390625 462.451171875
2393 254.267578125 493.388671875
2394 156.62109375 69.287109375
2395 185.625 78.310546875
2396 172.412109375 97.001953125
2397 183.69140625 97.001953125
2398 213.33984375 125.361328125
2399 219.78515625 89.267578125
2400 227.51953125 85.400390625
2401 231.064453125 73.154296875
2402 242.666015625 57.041015625
2403 250.72265625 55.751953125
2404 234.609375 61.875
2405 219.462890625 112.1484375
2406 335.80078125 106.9921875
2407 140.185546875 212.05078125
2408 186.9140625 193.037109375
2409 174.66796875 164.35546875
2410 161.1328125 242.021484375
2411 179.501953125 261.03515625
2412 142.44140625 264.580078125
2413 146.30859375 254.912109375
2414 172.08984375 226.875
2415 194.00390625 253.9453125
2416 303.251953125 252.01171875
2417 245.244140625 190.13671875
2418 317.109375 228.486328125
2419 243.310546875 235.576171875
2420 279.7265625 250.400390625
2421 311.630859375 249.43359375
2422 230.7421875 214.951171875
2423 290.0390625 236.865234375
2424 319.6875 237.1875
2425 326.77734375 243.310546875
2426 305.830078125 174.990234375
2427 298.740234375 184.98046875
2428 307.763671875 182.40234375
2429 305.185546875 189.169921875
2430 293.583984375 192.0703125
2431 312.275390625 186.9140625
2432 307.119140625 209.150390625
2433 372.861328125 134.0625
2434 404.443359375 146.953125
2435 458.583984375 199.8046875
2436 442.470703125 193.359375
2437 455.68359375 179.1796875
2438 468.896484375 184.3359375
2439 423.45703125 143.73046875
2440 425.390625 250.72265625
2441 408.955078125 150.17578125
2442 372.216796875 233.642578125
2443 273.603515625 76.376953125
2444 312.919921875 81.2109375
2445 346.7578125 54.78515625
2446 396.708984375 98.291015625
2447 362.2265625 70.576171875
2448 406.376953125 119.560546875
2449 406.0546875 128.90625
2450 357.0703125 57.685546875
2451 296.162109375 119.8828125
2452 298.095703125 143.408203125
2453 280.37109375 142.763671875
2454 318.076171875 135.029296875
2455 310.6640625 134.0625
2456 359.970703125 97.32421875
2457 306.15234375 116.015625
2458 335.478515625 94.1015625
2459 334.833984375 116.982421875
2460 367.3828125 219.78515625
2461 443.4375 228.1640625
2462 385.4296875 216.240234375
2463 397.998046875 189.814453125
2464 436.669921875 239.12109375
2465 293.583984375 352.55859375
2466 330.966796875 315.498046875
2467 335.478515625 321.62109375
2468 349.013671875 327.421875
2469 357.392578125 317.431640625
2470 365.126953125 332.900390625
2471 393.80859375 383.173828125
2472 126.005859375 318.720703125
2473 107.314453125 357.71484375
2474 114.08203125 351.9140625
2475 122.4609375 344.1796875
2476 125.361328125 349.3359375
2477 118.916015625 356.42578125
2478 95.390625 365.771484375
2479 453.427734375 336.4453125
2480 174.0234375 300.029296875
2481 222.685546875 312.919921875
2482 165.966796875 361.904296875
2483 137.607421875 311.30859375
2484 214.306640625 357.71484375
2485 175.3125 321.298828125
2486 161.77734375 315.17578125
2487 198.193359375 305.830078125
2488 211.728515625 371.572265625
2489 151.142578125 361.58203125
2490 130.83984375 355.13671875
2491 115.693359375 432.48046875
2492 152.109375 400.25390625
2493 149.208984375 427.96875
2494 172.734375 436.34765625
2495 178.212890625 369.9609375
2496 184.013671875 390.908203125
2497 232.353515625 421.201171875
2498 215.595703125 414.755859375
2499 185.947265625 473.0859375
2500 200.126953125 486.298828125
2501 243.955078125 501.123046875
2502 263.935546875 531.73828125
2503 441.181640625 579.755859375
2504 332.578125 612.94921875
2505 326.77734375 615.205078125
2506 381.884765625 581.044921875
2507 364.16015625 541.083984375
2508 303.896484375 522.392578125
2509 305.185546875 488.232421875
2510 316.46484375 494.677734375
2511 337.412109375 514.98046875
2512 334.833984375 528.515625
2513 335.80078125 535.283203125
2514 189.814453125 460.1953125
2515 237.83203125 448.271484375
2516 252.65625 429.580078125
2517 250.400390625 411.2109375
2518 187.236328125 370.927734375
2519 226.875 409.599609375
2520 308.73046875 418.623046875
2521 319.6875 418.30078125
2522 475.341796875 562.353515625
2523 284.8828125 489.19921875
2524 272.63671875 456.97265625
2525 384.462890625 471.474609375
2526 286.81640625 435.380859375
2527 507.568359375 545.91796875
2528 287.783203125 420.87890625
2529 274.248046875 414.111328125
2530 482.109375 282.626953125
2531 565.25390625 285.52734375
2532 564.609375 276.181640625
2533 574.599609375 279.08203125
2534 577.5 291.650390625
2535 578.14453125 300.673828125
2536 584.58984375 295.1953125
2537 365.126953125 485.654296875
2538 324.19921875 448.916015625
2539 298.095703125 492.099609375
2540 298.740234375 423.45703125
2541 298.41796875 453.10546875
2542 276.826171875 454.716796875
2543 497.900390625 555.263671875
2544 510.146484375 539.150390625
2545 493.388671875 543.662109375
2546 491.455078125 538.505859375
2547 320.654296875 443.759765625
2548 433.76953125 488.876953125
2549 333.544921875 423.779296875
2550 333.22265625 438.92578125
2551 404.765625 464.384765625
2552 390.908203125 465.99609375
2553 437.958984375 514.98046875
2554 540.76171875 401.54296875
2555 555.908203125 459.55078125
2556 543.662109375 496.611328125
2557 509.1796875 501.123046875
2558 403.4765625 419.267578125
2559 455.361328125 482.75390625
2560 478.564453125 510.791015625
2561 508.857421875 493.388671875
2562 544.306640625 480.17578125
2563 465.3515625 447.626953125
2564 466.962890625 429.580078125
2565 446.015625 372.216796875
2566 453.427734375 428.935546875
2567 437.314453125 428.291015625
2568 537.216796875 438.28125
2569 538.505859375 452.138671875
2570 474.697265625 425.712890625
2571 482.431640625 425.712890625
2572 475.341796875 383.818359375
2573 510.146484375 445.693359375
2574 511.435546875 429.90234375
2575 469.541015625 357.71484375
2576 564.609375 340.634765625
2577 531.416015625 407.666015625
2578 532.060546875 269.091796875
2579 486.943359375 368.994140625
2580 479.853515625 366.416015625
2581 559.775390625 417.01171875
2582 574.599609375 376.083984375
2583 546.884765625 368.671875
2584 550.751953125 277.1484375
2585 510.46875 285.849609375
2586 535.927734375 279.404296875
2587 565.576171875 359.326171875
2588 557.841796875 346.435546875
2589 553.330078125 373.505859375
2590 571.376953125 342.568359375
2591 596.19140625 342.568359375
2592 580.400390625 316.787109375
2593 386.396484375 83.466796875
2594 439.5703125 141.474609375
2595 400.25390625 271.9921875
2596 405.732421875 269.736328125
