0 1461
0 973
0 631
0 605
1 2173
1 655
1 880
1 2580
2 1782
2 2579
3 2445
3 2444
4 2420
4 2419
5 2032
5 681
6 1827
6 2289
7 2328
7 2327
8 2483
8 2482
9 2299
9 2298
10 2319
10 2318
11 2443
11 2442
12 52
12 1324
12 571
12 1760
12 205
13 159
13 1341
13 1540
13 1386
13 35
14 205
14 1996
14 1760
14 209
15 2300
15 2299
16 151
16 1959
16 1919
16 309
17 145
17 398
17 148
18 200
18 680
18 133
19 2037
19 520
19 641
20 150
20 1833
20 2022
20 264
21 2074
21 1278
21 1984
22 209
22 1209
22 1555
22 1290
22 180
23 2329
23 2328
24 73
24 617
24 1533
24 358
24 2235
24 183
25 2318
25 2239
25 1388
25 2527
26 2087
26 2268
26 1210
26 1001
27 2274
27 1774
27 182
28 1902
28 2073
29 223
29 1405
29 168
30 221
30 1326
30 1357
30 1735
30 240
31 168
31 1458
31 1064
31 1481
31 1721
31 68
32 2504
32 2503
33 2344
33 2343
34 292
34 1514
34 277
35 68
35 175
36 1509
36 1836
36 1997
36 518
37 2002
37 2016
37 2317
38 2430
38 2429
39 2428
39 2437
39 2427
40 2304
40 2303
41 2461
41 1839
41 1184
41 1853
41 2460
42 249
42 2286
43 2396
43 2395
44 2416
44 2415
45 143
45 2287
46 137
46 2018
46 441
46 107
47 2433
47 2432
48 1910
49 2488
49 115
50 2388
50 2387
51 2457
51 2456
52 147
52 1529
52 1424
53 2413
53 2412
54 2513
54 2512
55 199
55 687
55 223
56 2320
56 2319
57 2511
57 2510
58 2490
58 2489
59 2496
59 2495
60 2109
60 1945
60 2445
61 86
61 255
61 140
62 1681
62 882
62 1549
63 2453
63 2452
64 2225
64 1882
64 2393
65 2419
65 2418
66 120
66 1469
66 1966
66 1024
66 152
66 273
67 2395
67 2394
68 785
68 175
68 213
69 101
69 2366
69 2363
70 1486
70 1708
70 961
71 2356
71 2355
72 2503
72 2502
73 153
73 784
73 1754
74 133
74 1930
74 271
75 90
75 1431
75 159
76 2482
76 2481
77 2497
77 2496
78 2444
78 2443
79 2360
79 2359
80 1725
80 2567
80 2386
81 2295
81 2294
82 1728
82 96
82 2095
83 2305
83 2304
84 2440
84 2439
85 2427
85 2426
86 210
86 2162
86 1732
86 2065
87 2259
87 1038
87 672
88 2394
88 1147
89 2303
89 2061
89 689
90 124
90 1730
90 861
90 1386
91 2428
91 2436
92 2515
92 2514
93 1399
93 2047
93 676
93 344
93 100
94 201
95 2357
95 2356
96 2095
96 104
97 2520
97 2477
98 1838
98 1546
98 259
99 213
99 1113
99 772
99 550
99 967
99 147
100 2205
100 1967
100 737
100 1460
101 2364
102 240
102 1743
102 567
102 272
103 2374
103 2373
104 1993
104 2126
104 2019
104 1728
104 292
105 1343
105 2102
105 2302
106 1934
106 2601
107 1270
107 231
107 201
108 114
108 1633
108 1422
108 167
109 1700
109 2589
110 1837
110 1171
111 2310
111 2309
112 2370
112 1343
113 2240
113 2571
114 266
115 2290
115 454
116 2407
116 1840
117 2412
117 2411
118 2337
118 2365
119 2399
119 2284
120 140
120 152
120 828
121 2352
121 2351
122 2403
122 2402
123 1655
123 1083
124 288
124 987
125 2296
125 2295
126 287
126 1961
126 1266
126 282
126 860
127 2368
127 2367
128 2334
128 2333
129 909
129 1712
130 2380
130 2379
131 248
131 2519
132 2278
132 1619
132 2041
133 1752
133 1705
133 733
134 2505
134 2504
135 2387
135 2398
136 2436
136 2435
137 264
137 1640
137 942
138 2410
138 2409
139 1160
139 706
140 272
140 2143
140 1872
140 1935
141 2070
141 569
141 2277
142 2135
142 1695
142 844
142 2521
143 2288
144 1543
145 231
145 1717
146 271
146 1482
146 1638
146 510
146 291
148 1754
148 1214
148 153
149 2489
149 1860
149 1157
149 1949
150 841
151 156
151 2206
152 255
152 1024
154 2516
154 2515
155 2289
155 2288
156 234
156 2116
156 1215
156 756
157 2181
157 1804
157 625
157 2195
157 2023
157 797
158 2106
158 2255
158 368
160 2349
160 2348
161 2379
161 2378
162 2161
163 2312
163 2311
164 222
164 1747
164 1418
164 178
165 2398
165 2397
166 1456
166 1499
166 1430
166 850
166 1962
166 705
167 964
167 238
169 2500
169 997
169 2499
170 2343
170 2342
171 2362
171 2361
172 2404
172 2403
173 2494
173 2493
174 2282
174 2281
175 213
176 2103
176 1481
176 512
177 1938
177 1989
177 1007
177 1389
178 1851
178 234
179 2401
179 2400
180 973
181 2283
181 2282
182 1817
182 753
182 842
182 1089
183 1953
183 1272
183 221
184 2335
184 2334
185 1085
185 1885
186 2422
186 2421
187 2330
187 1814
187 1254
187 575
188 2369
188 2368
189 2353
189 2352
190 2306
190 2305
191 2526
191 2353
192 2442
192 2441
193 2449
193 2448
194 2338
194 2354
194 625
195 1975
195 1528
195 228
196 2292
196 2291
197 2284
197 2283
198 2167
198 1683
198 2423
199 250
200 309
200 490
200 1752
201 1103
201 1536
201 1794
201 241
202 2131
202 1613
202 2369
203 2521
203 2520
204 817
204 1391
206 2509
206 2508
207 1847
207 1946
207 1874
208 2400
208 2057
208 1867
208 1889
208 988
208 1156
209 2027
211 2280
211 2279
212 2378
212 2377
213 1755
213 2129
213 1202
214 1865
214 1908
214 1858
214 2103
214 1255
214 1586
215 274
215 1062
215 1564
215 250
216 2491
216 2490
217 2402
217 2401
218 2391
218 2390
219 2462
219 2478
220 2045
220 1368
220 574
220 433
221 1784
221 1177
222 238
222 894
222 1012
222 1851
224 2408
224 2407
225 1104
225 1494
225 1364
225 508
225 2406
226 2429
226 2076
227 2324
227 2323
228 2166
228 1440
228 1528
229 1562
229 1026
229 1693
229 822
229 1537
230 2377
230 2376
231 241
231 1505
232 1325
232 2031
232 2329
233 2226
233 1886
233 488
234 1643
234 1618
235 2333
235 2332
236 2506
236 2505
237 2418
237 2417
238 2081
238 1422
238 594
239 2158
239 2013
239 679
241 1716
242 2309
242 2308
243 2452
243 2451
244 1750
245 2517
245 2516
246 1063
247 2072
248 2152
248 2165
249 2287
250 1358
250 739
251 2383
251 890
251 2382
252 2317
252 2316
253 2384
253 2383
254 2297
254 2296
255 1507
256 1990
256 1484
256 1274
256 562
257 2340
257 2339
258 1288
258 446
259 2497
260 2285
260 998
261 1859
261 1969
262 1494
262 1288
262 1364
263 2286
263 2285
264 1737
264 2060
265 1635
265 2243
265 1124
266 1628
266 1252
267 2446
267 1169
267 953
268 2481
268 2480
269 2498
269 2182
270 1324
270 2071
271 1649
271 654
272 826
273 2000
273 1403
273 284
274 291
274 1353
275 2512
275 2511
276 2411
276 2410
277 1791
277 287
278 1885
278 2532
279 1508
280 2270
281 2117
281 1421
281 1452
281 1088
282 2020
282 1672
282 302
283 2373
283 2372
284 1016
284 727
284 288
285 2298
285 2297
286 2336
286 2335
287 860
287 450
288 1915
288 1989
289 1532
289 2219
290 2479
290 1084
290 2478
291 1093
291 1909
292 1125
292 1465
293 2136
293 1298
293 1287
294 1675
294 972
295 2301
295 2300
296 2389
296 2388
297 2424
297 2461
298 2291
298 2290
299 2454
299 2453
300 1781
301 2323
301 2322
302 1957
302 1893
302 380
303 2277
303 2276
304 1779
304 957
305 2460
305 1853
305 2459
306 2337
306 2336
307 2450
307 2449
308 1965
309 1136
309 771
310 2048
310 1608
311 2399
311 2531
312 2275
312 2274
313 1805
313 1559
314 2155
314 1164
314 1360
314 2555
315 2325
315 2324
316 2151
316 728
317 1921
317 1128
318 2014
318 1536
318 452
319 1943
319 1888
319 1105
320 1727
321 1548
321 1103
322 2043
322 1041
323 2107
323 886
324 1153
324 2242
325 2239
325 689
326 2177
326 1439
327 1582
328 1510
328 1083
328 1427
329 1425
329 939
329 891
329 2562
330 1753
330 1888
331 1645
331 2255
332 1826
332 2554
333 1562
333 1108
333 1098
334 2141
334 564
335 2270
335 1372
336 1574
336 1181
337 1335
337 1112
338 580
339 1730
339 1589
339 1137
340 2016
341 1971
341 1232
341 797
342 1984
342 977
342 497
343 2179
343 402
344 2241
344 1662
345 2195
345 1168
346 1639
347 2007
347 1063
348 2072
348 1530
349 1668
349 1847
349 1591
350 1966
350 1367
350 1334
351 453
351 2546
352 1986
352 1373
353 1593
353 1152
353 1039
354 2056
354 1366
355 1443
355 2037
356 2150
356 1083
356 1970
356 1485
357 2254
357 2186
357 1805
358 1275
359 1588
359 1581
360 1695
360 844
360 2165
361 1921
362 1624
362 1570
363 1684
364 2097
365 1386
366 1885
366 2538
367 2080
367 1810
367 2539
368 1759
368 1754
369 1156
370 1778
370 1024
371 1348
371 1694
372 1522
372 1682
372 1408
372 629
373 1976
373 2172
374 1425
375 2081
375 1948
375 1146
376 1719
376 1704
377 1600
377 1818
378 2238
378 947
379 2113
379 758
380 907
380 464
381 911
381 1296
382 1495
383 2128
383 1545
384 1619
384 2589
385 1671
385 1574
386 1726
386 543
386 916
387 1716
387 1165
387 906
388 2044
388 1255
388 458
389 2267
390 1518
391 1725
391 1466
392 1947
392 1036
393 1884
393 627
394 1308
394 761
394 946
395 2199
395 1078
396 2236
396 955
397 2168
398 1309
398 1754
398 1870
399 1839
399 1075
400 1898
400 1254
401 2123
402 2572
403 1976
403 1399
404 2164
404 1702
404 1850
405 2066
405 968
406 2077
406 552
406 1234
407 2076
407 993
407 2261
407 1303
408 1723
408 1499
408 2184
409 1349
410 2027
410 1375
410 658
411 1945
411 1650
412 1399
412 633
412 1976
413 1758
413 965
413 1339
413 1531
414 779
414 597
414 887
414 528
415 1264
415 1373
415 948
416 1778
416 1739
416 1569
417 1334
417 807
417 833
418 1452
418 1557
419 1875
420 1369
420 1291
420 765
421 1315
421 2245
422 1792
422 1396
422 1065
423 2013
423 1822
423 1751
424 2139
424 1388
425 2201
425 1284
426 1816
426 911
427 2068
428 1645
429 1403
429 1778
429 1569
430 1247
430 734
431 1152
431 1727
431 1593
432 887
432 2006
432 770
433 1054
434 1819
435 2031
436 1537
436 1574
436 1340
437 2065
437 899
438 1351
438 1178
438 1846
439 1319
439 1612
439 1701
439 1089
439 1512
440 1394
440 1395
441 1585
441 1270
441 1094
442 1038
442 478
443 2133
444 1311
444 1423
445 2122
446 1019
447 1745
447 2200
447 624
447 2522
448 1287
449 1792
449 1438
449 2039
450 2174
450 2218
451 924
451 1067
451 1742
452 1782
453 1847
454 1974
454 791
455 1043
455 509
456 2117
456 1557
457 1932
457 1876
457 1679
458 871
458 715
459 1291
459 615
460 1794
460 1330
461 2225
461 1380
462 1840
462 1978
463 2100
463 2214
464 1189
465 825
466 627
467 1685
467 2157
467 675
468 1502
468 960
469 2025
469 1584
469 1003
470 2071
470 710
470 1674
471 1453
471 1139
472 1158
473 2128
473 1545
474 1650
474 1251
474 1039
474 953
475 1941
475 1600
476 1204
476 1231
476 2214
477 1446
477 969
478 1785
479 1483
479 2119
480 1800
480 1834
481 1507
481 1699
481 1433
482 1624
482 1453
483 1848
483 1182
483 2249
483 1321
484 1882
484 1380
484 2225
485 1843
485 1123
486 1528
487 1858
487 2046
487 686
488 2576
489 965
489 608
490 1128
491 1872
491 2034
491 925
491 789
492 1674
492 1996
493 1576
493 1302
493 1077
493 649
494 1086
495 1462
495 1129
495 815
495 2272
496 1803
497 1961
497 860
498 1928
498 1663
498 1956
498 1598
499 1274
499 562
500 662
500 1927
501 1323
501 1350
501 1023
502 1861
502 685
502 2150
503 2024
504 2038
505 2199
506 1958
507 1396
508 1364
509 1939
509 1347
509 708
510 1541
510 1638
511 1965
511 1327
512 1201
512 1006
513 1715
513 994
513 1776
514 2038
514 1144
515 2266
516 896
516 2550
517 2221
518 1593
518 1039
518 1829
519 1761
519 1160
519 1348
520 1933
521 1450
521 1140
521 1135
522 1219
522 1490
522 1108
523 1952
523 1463
524 2022
525 1452
525 1101
526 2160
526 1406
527 2120
527 1955
528 2070
528 990
529 1587
530 1439
531 954
531 1343
532 1365
532 2094
533 1478
533 651
534 1186
535 2052
536 1616
536 974
536 2040
537 1155
538 1740
538 2001
538 805
539 1637
539 750
540 1294
540 1446
541 1523
541 1792
541 675
542 1676
542 1562
542 1693
543 1203
543 644
544 1996
544 2263
545 2120
545 1955
545 1098
546 1506
546 1054
547 1488
547 1079
548 1553
548 1812
548 1845
549 2147
549 1362
550 1241
550 1202
550 1679
551 2220
551 1246
552 839
552 2526
553 2042
553 2004
554 1946
554 1217
554 1245
555 2028
556 1563
557 2163
557 1349
558 752
558 679
559 1278
560 1221
560 2267
561 1414
561 849
562 1786
562 2188
563 1467
563 1110
564 1842
564 1442
565 1591
565 1668
565 1881
566 1920
566 1642
567 1283
568 991
568 698
569 2271
570 1800
570 1860
570 1265
571 1736
571 952
572 1505
572 1775
573 1707
573 1397
573 1177
574 1464
574 1506
574 1054
575 2181
575 1804
576 1455
576 1093
576 1712
576 1253
577 1780
577 1222
577 1269
578 1425
578 1913
579 1518
579 830
579 2123
580 2134
581 1275
581 1032
581 948
582 1912
583 2128
583 1720
584 2230
584 740
585 930
585 1285
586 1252
586 1193
587 2011
588 1644
589 1842
590 1289
590 1542
591 1877
591 1909
591 1506
592 1685
592 907
593 1335
594 777
595 2201
595 866
595 1897
596 1271
596 1070
597 1317
597 1583
598 2161
599 2107
599 777
599 790
600 1488
600 2245
601 1758
601 1722
601 1855
602 1397
603 1604
603 2057
604 1349
604 1353
604 2125
604 2132
605 1302
606 1269
606 2005
606 2133
607 1916
607 1555
607 1055
608 1177
608 1855
609 2256
609 2147
610 1372
611 1756
611 2084
612 719
612 728
613 1888
613 831
614 1629
614 910
614 1950
615 1658
616 2237
617 1272
618 1501
618 2561
618 2572
619 2238
620 1617
621 2272
621 1462
621 1297
622 1560
622 1832
623 1848
623 1321
624 2048
624 2523
626 1943
626 1816
626 1050
627 992
628 765
629 683
629 1061
630 2028
630 635
631 1783
631 2136
631 1287
632 1041
632 2037
632 1331
633 2172
633 676
634 2082
634 2267
635 788
635 1425
636 1429
636 994
637 1318
637 2592
638 990
639 1592
639 1094
639 2035
640 1597
641 2035
641 1094
641 1437
642 1497
642 2119
642 2597
643 1961
644 1582
644 1484
645 2060
645 1640
645 2173
646 2161
647 2261
647 1879
647 1303
648 678
648 1032
649 2136
649 744
650 1461
650 2098
651 1132
651 1656
651 1316
652 2249
653 1906
653 1815
653 2104
654 1190
654 2130
655 1400
655 2583
656 1848
657 1228
658 1922
658 1055
659 2031
659 812
660 1356
661 1648
661 1611
662 1338
663 1620
663 1048
664 1133
664 1194
664 2273
664 879
665 2150
665 873
665 1919
666 2259
666 2263
666 1073
667 2215
667 2208
668 1125
669 1369
669 1424
670 2089
670 1127
670 923
671 1500
672 1305
672 1696
673 1508
674 1323
675 2039
676 1967
677 1724
678 1759
679 1911
680 1861
680 1647
681 1560
682 1831
683 1355
684 1678
684 868
684 2118
685 1970
685 1647
686 1738
686 687
687 2164
688 1534
688 1823
688 862
688 726
689 723
689 2061
690 2248
690 1605
690 1021
691 1064
691 888
692 2087
693 794
693 2270
694 2221
694 937
695 1940
695 2170
696 2098
696 1789
697 1521
697 2024
698 2077
698 2234
699 1347
699 851
699 708
700 1735
700 1410
701 2015
701 837
701 2238
702 2223
702 1488
703 1184
703 2524
704 1584
704 1088
705 1589
705 1962
705 795
706 1727
706 1620
707 1630
707 1731
708 1884
709 1808
709 1458
709 2054
710 1760
710 1324
711 1493
711 1622
712 1906
712 1701
712 1512
713 1769
713 1254
714 1528
714 1440
715 1255
715 2103
715 1677
716 2164
716 1010
717 1817
717 1837
717 1171
718 2142
718 1130
719 1589
719 1891
720 2183
721 1422
721 1682
721 1061
722 1964
722 2189
722 1623
722 1451
723 1187
724 2105
725 2006
725 1875
726 1977
726 1555
726 1290
727 2000
727 1903
728 1431
728 1137
729 1809
729 793
730 2110
730 1423
730 2162
731 2174
731 1266
732 1973
732 1851
733 804
734 2231
734 1891
735 1639
736 1942
736 834
737 2159
737 1052
738 2141
738 751
739 2053
740 1780
740 1564
741 2037
741 1195
742 1478
742 2025
742 1421
743 1995
743 1792
743 1697
744 1576
745 2134
745 1167
745 1879
746 2264
746 1309
746 2255
746 1917
747 1450
747 1135
747 1514
748 1297
749 2256
749 2030
750 2224
750 1706
750 1869
751 1388
751 2239
752 1112
752 1074
753 1701
754 2207
754 1608
755 2138
755 1680
755 1299
756 1919
756 1092
756 873
757 1623
757 1290
759 1993
759 2095
760 2157
760 1928
760 1803
761 2232
762 1519
762 1825
762 830
763 2138
763 1299
764 1997
764 1945
764 2109
765 2204
766 1489
766 2159
766 1052
767 1620
767 1048
768 865
768 1374
768 956
769 1827
769 1383
770 1733
771 2150
771 1919
772 1634
772 1502
773 1932
774 1570
775 2062
775 842
776 1958
776 875
777 1012
778 1217
778 1635
778 1883
780 1898
781 1899
781 1769
782 1359
782 1713
783 2238
784 1599
784 1212
785 1341
786 1548
786 1330
787 2251
787 2036
789 2184
789 1367
790 1969
790 1606
792 2124
792 1398
793 2068
793 1347
793 2203
794 943
795 1456
795 1004
796 1318
796 817
798 1881
798 1753
799 1661
800 1451
800 862
800 1460
801 1944
801 2085
801 1588
802 1387
803 1495
804 1752
805 1796
805 2030
806 1318
807 1966
807 2000
808 1680
808 1063
808 1151
809 2016
809 1790
809 1895
810 2260
810 1773
811 1807
811 1537
811 1356
813 1515
813 1108
814 1092
814 1108
814 873
815 993
816 1361
816 1510
816 898
818 2183
818 1350
819 2210
819 1937
819 1410
820 1486
820 2143
821 2021
821 1712
821 1253
822 1673
822 1026
823 1711
823 1788
823 995
824 1000
825 1893
826 1283
826 1935
827 1601
827 1583
827 2006
828 1367
829 1944
829 1581
831 1943
832 1859
832 1905
833 1100
833 1903
834 2153
834 1572
835 2235
835 1275
836 1652
836 1287
837 1206
837 1028
838 1211
838 2145
840 1644
840 1371
840 1845
841 2229
842 1902
842 1579
843 2056
845 1220
845 2228
846 1541
846 1649
847 1487
847 1263
847 2085
848 1393
848 1826
849 2056
850 1148
850 1261
851 1884
852 2211
852 929
853 2175
853 1648
853 1221
854 1892
855 2209
856 2152
856 2135
856 1043
856 1116
857 1250
857 1509
858 2061
859 1253
859 1020
860 1242
861 1315
861 869
862 2189
863 1895
863 1621
864 1381
864 1668
864 1345
865 2244
865 1489
866 1091
866 1559
867 1615
868 1351
869 1941
870 1780
870 1358
871 2151
871 1228
872 1930
872 1359
873 1515
874 1567
874 2072
874 903
875 1324
876 1495
877 1680
877 1545
877 1151
878 1593
878 1727
878 1829
880 1844
880 1594
881 2230
881 2005
882 902
883 2144
883 1284
883 1517
884 1940
884 2021
885 1901
885 947
885 1056
886 1747
886 1192
887 1733
888 1634
888 1552
889 1264
889 1498
890 1292
891 2268
891 1166
892 2113
892 1215
893 1436
894 1422
894 1973
895 1960
895 2218
896 2549
897 2124
898 1705
898 1713
899 2078
899 985
900 1138
901 1181
901 1849
902 2559
903 1914
903 1375
904 1995
904 931
904 1052
905 1263
905 1670
906 2050
906 1033
907 1956
907 1107
907 1189
908 2113
908 2116
908 1370
908 1215
909 2130
909 1470
910 1811
912 1641
912 1243
913 2209
913 1472
913 1149
914 2206
914 1015
915 1709
915 2050
915 1306
916 1910
916 2147
917 1325
918 1859
918 1310
919 1230
920 1693
920 1849
921 1395
921 1394
922 1661
922 1333
922 1765
923 2104
925 1743
926 2220
926 1115
926 2202
927 1415
927 1115
928 2219
931 1967
932 2131
933 2248
933 1605
934 2214
934 1896
935 1906
935 1029
936 1988
936 1461
936 1659
937 1337
938 1271
938 1146
939 2525
940 1681
940 1652
940 2156
940 1298
941 2179
942 1880
942 1933
943 1479
944 1242
945 1231
946 2149
946 1468
948 1498
949 2127
949 2102
949 1352
950 1440
951 1709
951 1306
952 1689
954 1666
955 2075
956 1489
956 1523
958 1720
958 2244
958 1685
959 1176
960 1808
961 1629
961 1283
962 2086
963 2067
963 977
964 2081
964 1535
965 1272
966 1407
966 2177
967 1605
967 1502
968 2577
969 1979
970 1202
971 1391
972 2021
973 1513
973 1988
973 1209
974 995
974 2566
975 1911
975 1822
976 1578
976 1522
976 1618
978 1923
978 2199
979 2018
979 2191
979 1322
980 1653
981 1153
982 2231
982 1247
983 1517
984 1301
985 2148
986 1882
987 1007
987 1989
988 1776
989 1683
989 1274
990 1037
991 1869
991 2077
992 2105
993 1238
993 1129
995 1516
996 1096
996 1375
997 2096
997 2108
998 1624
999 1834
999 1106
1000 1986
1000 2106
1001 2196
1002 1576
1002 1077
1003 1256
1003 1045
1004 1891
1005 2039
1006 2151
1007 1097
1008 2149
1008 1055
1009 1785
1009 1038
1010 1358
1011 1365
1011 1393
1012 1192
1013 1821
1014 1832
1014 1208
1015 1901
1015 1191
1016 1931
1017 2220
1018 1959
1018 1206
1019 1524
1019 1182
1020 2074
1020 1278
1021 1529
1021 1277
1022 1126
1022 1110
1023 1947
1024 1507
1025 2131
1025 1613
1026 1175
1026 1090
1027 1955
1027 1871
1027 1090
1029 1327
1030 1151
1031 1837
1032 1551
1033 2033
1033 1709
1033 1775
1034 1404
1034 1378
1035 1937
1037 2588
1038 1674
1040 1621
1040 1168
1040 1276
1041 1339
1042 1648
1044 1516
1044 1449
1046 2001
1046 1419
1047 1793
1047 1833
1048 1905
1049 1958
1050 1296
1051 1335
1052 1523
1053 2530
1053 1223
1053 2529
1054 2230
1055 1914
1056 1603
1057 1784
1057 1272
1058 1248
1058 1099
1058 2207
1059 2120
1060 1474
1060 1637
1061 1633
1062 1565
1064 2129
1065 1697
1066 1533
1066 1404
1067 1208
1067 1927
1068 1739
1068 2118
1069 2086
1071 2222
1071 1887
1071 1260
1071 1769
1072 1229
1073 1513
1073 1305
1073 1170
1073 1209
1074 2158
1075 1398
1075 1392
1076 1195
1076 1212
1077 2069
1078 1308
1078 1530
1079 1600
1079 1818
1080 1342
1081 1544
1081 1448
1081 1260
1082 1442
1083 1412
1085 1476
1086 1141
1086 1704
1087 1639
1088 2025
1088 1337
1089 1774
1090 1428
1091 2144
1092 1490
1093 2163
1094 1933
1095 2052
1095 1260
1096 2161
1096 1878
1097 1938
1097 2245
1098 1655
1098 1871
1098 1428
1099 2003
1099 1471
1101 2094
1102 1997
1102 1509
1105 1159
1106 1199
1109 1653
1109 2004
1109 1437
1110 2123
1111 2574
1111 2258
1113 1241
1114 1969
1114 2107
1115 1250
1116 1939
1117 2121
1118 1330
1119 1847
1119 1295
1120 1691
1120 2212
1121 1747
1121 1418
1121 1849
1122 1132
1123 1351
1123 1207
1124 1879
1124 2252
1125 2126
1126 1518
1127 2555
1128 1607
1129 1411
1130 1350
1130 2146
1131 2094
1132 1250
1133 2599
1134 1355
1134 1633
1134 1286
1136 1959
1137 1730
1137 1431
1138 1576
1139 2093
1139 1173
1140 2218
1142 2032
1142 2121
1143 1943
1144 1581
1145 1220
1146 2208
1147 1230
1147 2568
1148 1915
1148 1802
1149 1665
1150 1426
1150 2008
1152 1563
1153 1853
1154 1884
1155 1854
1155 1963
1156 1669
1156 1604
1157 1265
1157 1985
1158 1741
1158 2527
1159 2261
1159 2252
1160 1757
1160 1401
1161 1246
1161 2117
1161 1656
1162 1183
1162 1540
1163 2205
1163 1912
1163 1710
1163 2010
1165 1536
1165 1688
1166 1913
1166 1236
1167 1344
1168 2088
1169 1251
1170 1852
1171 2062
1172 1796
1172 1354
1173 2185
1174 1543
1174 2009
1175 1229
1175 1665
1176 2250
1176 2167
1178 1423
1179 1687
1179 1506
1179 1646
1180 1950
1180 1227
1180 2210
1182 1830
1182 1220
1183 1431
1184 1839
1185 2124
1186 1442
1187 1511
1188 1427
1188 1580
1189 1720
1190 1930
1191 2116
1193 1691
1193 1628
1195 1437
1196 1651
1197 1405
1198 1756
1198 1707
1200 2182
1200 1320
1201 1341
1201 1540
1202 1755
1203 1484
1203 1719
1205 1363
1205 1439
1206 1921
1207 1868
1207 1699
1208 1825
1212 1331
1212 2043
1213 1851
1213 1522
1213 1618
1214 1592
1214 1346
1215 1578
1216 1257
1217 2243
1217 1345
1218 1543
1218 2155
1219 2217
1219 1676
1220 1332
1223 1799
1224 2163
1225 2198
1225 2226
1226 2139
1227 1811
1227 1410
1228 2231
1230 1725
1230 1963
1231 2045
1231 1554
1232 2023
1232 1325
1233 1975
1233 1385
1233 1447
1234 1869
1235 1813
1235 1378
1236 1239
1237 1670
1238 2196
1238 1729
1240 1781
1241 1424
1242 1577
1243 1561
1244 2200
1244 1841
1244 1297
1245 1874
1246 1281
1249 2042
1250 1316
1254 1416
1256 1478
1257 1294
1258 2016
1258 1899
1259 1896
1261 2058
1261 1962
1262 2066
1262 2253
1263 1588
1264 1980
1265 2062
1266 2020
1267 1644
1268 1958
1268 1369
1269 1850
1270 1951
1271 1273
1273 2026
1275 1759
1276 1898
1277 2248
1279 1983
1279 1408
1280 1898
1280 1991
1280 2195
1281 2220
1282 2174
1282 1476
1285 1750
1285 1630
1287 1660
1289 1934
1291 2204
1293 1590
1293 1779
1294 2022
1296 1729
1296 2196
1299 1912
1300 1420
1301 1954
1301 1587
1302 2098
1304 1651
1304 1925
1304 1815
1305 2259
1306 2176
1307 1886
1307 1812
1307 2100
1309 1527
1310 2026
1310 1550
1311 2162
1311 1770
1312 1875
1312 2006
1312 1568
1313 1665
1313 2095
1314 2254
1314 2137
1316 2262
1317 2070
1321 2171
1322 2173
1322 1640
1326 1698
1326 1632
1327 1925
1328 2121
1328 1521
1329 1486
1329 2065
1333 1392
1334 1499
1335 2112
1336 2245
1336 1818
1338 1927
1339 1631
1340 1671
1341 1481
1342 1497
1342 1559
1343 2114
1344 1635
1345 2227
1346 1951
1346 1585
1347 1435
1348 1547
1352 1558
1353 1972
1354 1419
1356 1402
1357 1953
1357 1385
1359 1580
1360 2009
1361 1713
1362 1582
1363 1768
1363 1420
1364 1684
1366 1856
1366 1487
1367 1473
1368 1638
1368 1464
1370 1603
1371 1553
1372 1999
1373 1980
1373 1551
1376 1869
1377 1601
1377 2271
1377 1454
1377 2590
1378 2247
1379 2105
1380 1625
1381 2243
1382 1629
1383 2141
1384 1702
1384 2133
1386 1941
1387 2075
1389 2153
1389 1622
1390 1815
1390 1651
1391 1926
1393 2266
1395 1809
1397 1432
1400 2180
1402 1807
1402 1673
1403 1931
1403 1469
1404 2247
1405 2169
1405 2054
1406 1926
1408 1522
1409 2140
1409 1491
1413 1611
1415 2202
1416 1441
1416 1769
1417 1609
1417 2165
1418 2011
1418 1693
1420 1617
1421 1656
1424 1932
1427 1781
1428 1562
1430 1723
1432 1735
1432 1937
1433 1868
1434 2242
1435 1459
1436 1862
1436 1568
1440 1723
1441 2222
1441 1814
1443 1631
1444 1889
1445 2183
1445 2036
1446 2022
1447 1762
1448 1835
1448 1654
1449 2122
1450 1791
1453 2168
1453 1570
1455 1470
1457 1699
1457 1843
1459 1809
1460 1534
1462 2087
1463 1539
1463 2223
1465 1575
1465 2019
1466 1963
1466 1854
1467 1822
1468 2232
1468 1823
1471 2140
1472 1807
1473 1872
1474 2101
1474 1819
1475 1750
1475 1862
1475 1733
1477 1915
1477 1903
1479 1619
1479 2041
1480 1875
1482 2130
1483 2190
1484 1798
1485 1515
1487 2545
1488 1818
1491 2562
1492 1772
1492 2238
1493 1525
1493 1572
1494 1749
1495 1767
1496 2135
1496 2203
1497 1801
1498 1813
1498 2192
1500 1806
1503 2556
1503 2267
1504 1968
1504 1721
1508 2122
1510 1970
1511 2239
1512 2099
1516 1918
1517 2137
1519 1742
1520 1755
1523 1995
1525 1602
1526 1957
1527 1717
1529 1736
1530 1923
1531 1690
1532 2059
1533 1953
1534 2232
1536 1716
1538 1987
1538 2192
1539 1938
1541 2045
1542 2598
1544 2008
1545 1710
1546 2584
1548 2191
1550 1859
1551 1986
1552 1808
1555 1977
1556 1561
1556 1636
1556 2158
1557 1639
1557 2091
1563 1757
1564 1687
1565 1664
1565 2053
1566 2126
1567 2149
1568 1692
1569 1622
1571 1956
1573 2111
1574 1703
1575 2591
1577 1773
1579 1800
1581 1840
1582 1786
1584 2221
1585 1592
1586 1702
1586 2194
1587 1947
1590 2569
1592 2004
1594 2229
1594 1793
1595 1864
1595 2029
1596 1896
1597 1697
1599 1653
1602 2118
1603 1901
1604 1744
1604 1828
1606 2215
1608 1910
1609 2265
1610 1814
1610 1654
1612 1774
1613 2101
1614 1830
1615 2218
1617 2273
1619 2111
1623 1789
1624 1779
1625 1918
1626 2118
1627 1663
1630 2075
1631 1797
1632 1762
1632 2166
1636 1641
1637 2563
1638 1877
1641 1787
1641 2112
1643 2217
1645 2033
1645 1917
1646 2092
1646 1909
1647 2063
1648 2179
1654 1924
1656 2262
1657 1888
1658 1932
1659 1789
1660 1783
1662 1964
1664 2132
1667 1671
1668 2187
1669 1776
1669 2154
1675 2170
1677 2151
1678 1739
1680 2051
1683 1992
1683 2250
1685 1928
1686 1801
1687 2092
1688 2050
1689 1878
1689 2027
1690 2043
1691 2112
1695 2265
1696 1852
1697 1976
1698 1771
1700 2178
1700 2590
1702 1738
1703 1981
1704 1726
1704 1904
1705 2063
1705 1795
1706 2565
1707 1855
1708 2143
1708 1935
1710 2051
1711 1918
1714 2142
1717 1775
1718 1788
1718 1866
1719 1798
1719 1831
1721 1746
1724 2083
1724 2199
1728 1856
1729 2261
1730 2058
1732 1770
1734 1844
1737 1979
1740 2197
1740 2256
1743 1771
1744 1907
1746 2046
1746 1766
1748 2179
1751 1911
1758 1873
1763 1957
1764 1936
1766 2046
1766 1858
1766 1865
1767 2030
1771 2034
1775 2033
1777 2254
1777 2144
1778 1843
1782 2050
1785 2071
1791 1960
1795 1930
1797 1873
1802 2058
1803 2012
1805 2190
1806 1900
1808 2213
1810 2538
1811 1998
1813 1890
1814 1835
1817 2062
1820 2108
1821 1929
1821 1981
1822 2123
1823 1977
1823 2149
1824 1916
1824 1922
1827 2061
1828 2190
1829 1836
1830 2249
1833 2060
1834 1949
1834 1860
1835 2222
1836 1863
1838 2039
1838 2012
1842 2139
1844 2229
1846 2110
1846 1868
1850 2164
1854 1994
1856 2145
1857 2233
1864 2573
1865 1968
1870 2264
1879 2216
1880 1979
1881 2187
1886 2253
1887 2002
1889 2186
1892 2041
1892 2240
1894 2115
1895 1899
1899 2002
1900 2073
1902 2211
1904 2193
1907 2190
1910 2197
1912 2051
1920 2233
1920 2093
1921 2079
1929 2115
1929 1982
1936 2073
1939 2203
1940 2074
1942 2223
1946 2227
1948 2215
1952 2153
1957 2269
1965 2573
1968 2103
1972 2132
1974 2185
1978 2055
1981 2107
1984 2064
1990 1992
1991 2181
1994 2052
1995 2172
1997 2202
1998 2086
1999 2219
1999 2270
2003 2207
2004 2035
2007 2083
2007 2138
2010 2159
2011 2217
2012 2157
2015 2206
2017 2241
2017 2098
2018 2090
2020 2269
2023 2195
2024 2237
2028 2077
2028 2234
2029 2558
2031 2088
2034 2166
2048 2207
2049 2219
2055 2246
2057 2186
2064 2170
2066 2100
2069 2241
2087 2525
2091 2117
2093 2168
2097 2140
2099 2104
2105 2593
2106 2258
2124 2242
2126 2145
2134 2216
2135 2265
2139 2528
2142 2537
2146 2183
2160 2594
2167 2524
2177 2596
2180 2237
2182 2201
2221 2266
2228 2566
2236 2540
2237 2257
2251 2541
2260 2591
2275 2276
2278 2279
2280 2281
2292 2293
2293 2294
2301 2302
2306 2307
2307 2308
2310 2311
2312 2313
2313 2314
2314 2315
2315 2316
2320 2321
2321 2322
2325 2326
2326 2327
2330 2331
2331 2332
2338 2339
2340 2341
2341 2342
2344 2345
2345 2346
2346 2347
2347 2348
2349 2350
2350 2351
2354 2355
2357 2358
2358 2359
2360 2361
2362 2363
2364 2365
2366 2367
2370 2371
2371 2372
2374 2375
2375 2376
2380 2381
2381 2382
2384 2385
2385 2386
2389 2390
2391 2392
2392 2393
2396 2397
2404 2405
2405 2406
2408 2409
2413 2414
2414 2415
2416 2417
2420 2421
2422 2423
2424 2425
2425 2426
2430 2431
2431 2432
2433 2434
2434 2435
2437 2438
2438 2439
2440 2441
2446 2447
2447 2448
2450 2451
2454 2455
2455 2456
2457 2458
2458 2459
2462 2463
2463 2464
2464 2465
2465 2466
2466 2467
2467 2468
2468 2469
2469 2470
2470 2471
2471 2472
2472 2473
2473 2474
2474 2475
2475 2476
2476 2477
2479 2480
2483 2484
2484 2485
2485 2486
2486 2487
2487 2488
2491 2492
2492 2493
2494 2495
2498 2499
2500 2501
2501 2502
2506 2507
2507 2508
2509 2510
2513 2514
2517 2518
2518 2519
2522 2523
2528 2529
2530 2531
2532 2533
2533 2534
2534 2535
2535 2536
2536 2537
2539 2540
2541 2542
2542 2543
2543 2544
2544 2545
2546 2547
2547 2548
2548 2549
2550 2551
2551 2552
2552 2553
2553 2554
2556 2557
2557 2558
2559 2560
2560 2561
2563 2564
2564 2565
2567 2568
2569 2570
2570 2571
2574 2575
2575 2576
2577 2578
2578 2579
2580 2581
2581 2582
2582 2583
2584 2585
2585 2586
2586 2587
2587 2588
2592 2593
2594 2595
2595 2596
2597 2598
2599 2600
2600 2601
