0 125.100146556 309.848558844
1 359.17928673 82.54030290000001
2 314.040058596 155.08549095599997
3 530.7083536920001 310.49340498
4 458.163165636 415.280898846
5 385.940400582 114.13776257399998
6 294.04982904 495.886663404
7 401.739130452 453.00439667999996
8 232.144601832 557.469467544
9 306.946751364 541.025891538
10 335.31998049000003 460.742550048
11 529.096238418 330.80605767000003
12 164.758182732 251.812408386
13 180.879335604 184.42598921999996
14 158.30972157 270.51294580200005
15 313.39521252599997 539.091353196
16 359.82413286599996 204.73864191
17 299.53102099800003 108.97899361800003
18 330.483634602 203.771372772
19 297.918905724 63.194919414000005
20 332.09574987599996 66.41914996199998
21 279.540791376 263.097215436
22 151.216414272 288.891060084
23 415.280898846 455.58378115799997
24 262.77479236799996 94.46995601999998
25 314.684904732 455.58378115799997
26 583.908158262 418.82755252799996
27 151.53883734000001 416.5705911179999
28 128.96922324 374.333170464
29 216.345872028 212.154372276
30 235.691255514 82.54030290000001
31 197.00048854200003 207.640449456
32 351.44113336199996 561.01612116
33 496.20908647199997 453.326819748
34 334.030288218 324.03517344
35 179.26722033 194.09868099599998
36 521.358084984 263.742061572
37 414.636052776 498.466047882
38 552.3106985879999 382.71617003399996
39 512.0078163420001 367.56228630000004
40 335.96482656 493.30727892600004
41 472.67220323400005 377.557401078
42 261.485100162 504.59208597599996
43 429.145090374 535.5446995799999
44 443.331704904 414.958475844
45 279.218368374 503.94723984
46 324.03517344 95.11480215600002
47 539.736199332 376.590131874
48 524.582315598 433.336590126
49 235.368832446 545.862237426
50 441.397166562 539.736199332
51 479.765510532 361.113825138
52 167.659990212 242.13971667599998
53 435.915974604 414.313629708
54 325.969711782 569.3991206640001
55 235.368832446 216.99071809800003
56 348.86174888399995 456.228627228
57 331.773326808 565.5300439800001
58 169.59452855400002 372.076209054
59 187.327796766 381.74890083
60 533.93258424 293.404982904
61 170.561797758 77.059110876
62 104.465070864 349.50659502
63 483.31216414799997 348.86174888399995
64 456.55105029599997 548.4416219039999
65 452.037127476 413.34636050399996
66 188.29506597 105.75476306999998
67 423.34147534799996 537.156814854
68 187.327796766 205.70591111399997
69 501.69027843 491.69516365199996
70 194.09868099599998 63.194919414000005
71 478.15339519200006 467.513434278
72 352.08597949800003 566.819736186
73 271.802638008 98.66145577199998
74 311.783097186 210.86468000399998
75 182.81387394599997 164.75818273199997
76 236.336101584 568.754274528
77 196.03321933799998 383.038593036
78 532.6428920339999 321.77821202999996
79 489.11577917399995 478.798241328
80 403.996091862 534.255007308
81 280.18563751199997 542.96042988
82 372.72105518999996 315.974597004
83 342.413287722 495.886663404
84 519.7459697099999 352.408402566
85 495.886663404 371.108939916
86 164.758182732 68.99853443999999
87 127.03468489800001 272.76990721199996
88 415.603321914 538.44650706
89 322.423058166 489.76062531
90 183.45872008199999 154.763067888
91 523.292623326 372.076209054
92 323.712750372 572.94577428
93 173.463605304 327.58182705599995
94 347.894479746 119.29653153000001
95 479.443087464 473.96189544000003
96 363.04836348000003 317.90913534599997
97 261.80752323 577.137274032
98 208.607718594 376.267708872
99 173.14118223600002 223.116756258
100 194.421104064 323.067904236
101 501.69027843 498.143624814
102 216.02344896000002 80.28334148999998
103 339.833903244 522.00293112
104 353.375671704 320.166096756
105 313.072789458 520.390815846
106 369.81924770999996 607.4450415
107 321.455788962 104.78749386600002
108 434.30385932999997 209.25256473
109 206.99560332000001 440.42989742400005
110 163.146067392 396.90278456399994
111 376.267708872 508.13873959200004
112 326.93698092 513.619931616
113 211.50952614 482.98974108
114 439.46262822 200.869565226
115 245.686370292 542.96042988
116 410.122129956 423.341475348
117 432.04689792000005 414.63605277600004
118 495.564240336 503.30239377
119 269.868099666 443.97655104
120 192.486565722 96.72691743000001
121 512.652662412 462.03224232
122 449.135319996 570.3663898679999
123 353.698094772 244.396678086
124 184.103566218 144.76795311
125 285.344406468 541.025891538
126 305.01221302199997 330.48363460200005
127 510.39570100199995 497.17635561
128 468.480703482 499.755740088
129 307.269174432 240.85002440400004
130 369.81924770999996 536.834391786
131 315.329750868 583.263312192
132 219.570102576 462.354665388
133 321.133365894 206.99560331999996
134 348.86174888399995 551.343429384
135 433.981436262 536.834391786
136 532.6428920339999 371.108939916
137 326.614557918 85.44211038
138 422.05178307600005 418.182706392
139 485.24670249 286.311675606
140 198.61260381600002 88.98876406199997
141 204.416218842 407.542745478
142 278.25109917 577.137274032
143 279.218368374 501.04543236
144 122.843185146 440.10747435600007
145 309.203712774 111.88080116400002
146 293.727405972 218.28041036999997
147 170.561797758 232.78944796800002
148 290.18075229 106.07718613800003
149 162.501221322 374.010747462
150 334.67513435399997 57.06888132000003
151 368.529555438 208.930141662
152 184.42598922000002 90.92330240400003
153 280.830483648 102.530532456
154 323.067904236 577.137274032
155 283.409868126 499.43331702
156 376.267708872 215.05617975599998
157 456.55105029599997 470.09281875600004
158 279.218368374 138.96433808400002
159 182.16902787599997 174.43087444199998
160 505.881778182 458.163165636
161 367.56228630000004 530.063507556
162 191.19687345 260.840254026
163 382.716170034 511.040547138
164 401.739130452 228.920371284
165 431.72447485199996 537.156814854
166 213.76648755 135.09526133399999
167 427.855398168 216.99071809800003
168 206.67318025199998 209.574987798
169 356.59990231800003 568.754274528
170 488.793356106 450.74743527
171 496.85393260800004 485.569125558
172 462.99951145800003 571.656082074
173 182.81387394599997 378.20224721400007
174 242.46213974399998 460.097703978
175 177.33268198800002 203.771372772
176 209.897410866 189.584758176
177 166.370298006 129.61406937599997
178 392.06643867599996 226.98583294200003
179 432.369320988 573.590620416
180 147.34733758800002 298.241328792
181 253.10210065799998 457.19589643200004
182 138.96433808400002 396.58036149599997
183 253.74694672799998 90.27845626799999
184 479.120664396 502.979970702
185 294.69467511 352.408402566
186 463.644357594 411.08939909400004
187 452.681973612 496.85393260800004
188 523.615046394 495.24181726800003
189 522.325354188 458.163165636
190 356.27747925 500.078163156
191 537.156814854 458.48558863799997
192 525.227161668 342.413287722
193 505.55935518 315.0073278
194 472.99462630200003 461.38739618399995
195 239.882755266 108.65657061599997
196 274.382022486 540.0586224
197 256.326331206 447.20078165399997
198 471.70493403 406.57547627400004
199 245.041524156 219.57010257599998
200 340.156326312 202.159257432
201 338.22178797000004 118.006839258
202 532.9653151020001 492.01758672
203 268.578407394 575.847581826
204 310.815828048 630.659501736
205 161.533952118 261.162677094
206 334.352711286 564.240351708
207 591.646311696 341.123595516
208 426.888128964 575.20273569
209 154.763067888 279.540791376
210 159.599413776 60.293111868000004
211 228.27552514799999 466.54616513999997
212 359.17928673 527.484123078
213 175.39814364600002 213.444064482
214 230.21006349 186.36052762800003
215 264.38690764200004 222.79433319000003
216 175.075720578 374.333170464
217 437.528089878 571.978505142
218 447.845627724 543.927699084
219 248.91060090599998 584.23058133
220 287.601367878 192.16414265400002
221 245.041524156 86.08695651599997
222 411.411822162 227.630679012
223 225.69614066999998 214.41133368600003
224 416.57059111800004 421.406937006
225 468.80312655 575.847581826
226 560.3712750239999 385.295554446
227 369.174401574 455.58378115799997
228 222.471910122 108.97899361800003
229 383.038593036 255.03663900000004
230 345.63751833599997 525.227161668
231 318.876404484 114.13776257399998
232 428.17782117 459.130434774
233 279.218368374 167.337567144
234 383.68343917199996 221.827063986
235 460.097703978 500.078163156
236 343.70297999400003 552.955544724
237 449.457743064 412.379091366
238 420.439667802 223.43917926
239 440.42989742400005 161.85637518599998
240 226.018563738 80.28334148999998
241 328.54909626 116.39472398400001
242 365.30532489 504.269662908
243 485.891548626 337.89936490199995
244 242.139716676 412.701514434
245 318.876404484 577.782120168
246 226.985832942 309.526135776
247 188.93991204 290.825598426
248 305.01221302199997 583.263312192
249 268.900830462 504.59208597599996
250 254.714215932 221.504640918
251 374.9780166 545.862237426
252 395.29066929 502.012701498
253 387.874938924 542.96042988
254 289.53590622 542.31558381
255 177.01025891999998 84.474841242
256 491.050317516 405.930630204
257 475.89643378200003 456.228627228
258 501.367855428 572.30092821
259 203.771372772 381.10405469400007
260 244.396678086 498.78847095
261 436.238397672 251.48998531799998
262 484.924279422 578.749389372
263 254.714215932 502.012701498
264 329.516365398 76.09184173799999
265 581.328773784 368.85197850599997
266 443.97655104 192.16414265400002
267 511.040547138 303.077674614
268 238.91548606199999 578.749389372
269 371.753786052 576.1700048939999
270 141.866145564 244.074255018
271 302.755251612 214.733756688
272 206.67318025199998 83.18514896999999
273 185.715681492 115.10503177800001
274 274.382022486 222.79433319000003
275 327.581827056 563.917928706
276 425.27601369 417.215437254
277 324.35759650800003 326.29213484999997
278 294.04982904 413.34636050399996
279 490.727894448 551.98827552
280 191.19687345 451.06985833799996
281 560.048851956 283.087445058
282 295.339521246 332.41817294399993
283 335.31998049000003 518.133854436
284 184.748412288 125.100146556
285 298.241328792 539.736199332
286 484.924279422 503.94723984
287 314.684904732 328.226673192
288 184.103566218 135.09526133399999
289 170.884220826 451.06985833799996
290 243.75183195 582.2960429880001
291 284.054714196 221.18221785000003
292 343.70297999400003 322.100635098
293 125.42256962399999 336.28724962800004
294 305.97948216000003 257.93844648000004
295 309.84855884399997 524.582315598
296 446.878358586 541.6707376740001
297 481.377625806 377.23497800999996
298 259.55056182000004 537.479237922
299 482.34489494400003 355.63263311400004
300 334.99755742200006 246.00879336
301 357.889594524 460.097703978
302 285.666829536 334.67513435399997
303 187.65021983399998 402.06155351999996
304 236.98094772000002 484.92427942200004
305 474.284318508 370.46409378
306 485.24670249 507.171470454
307 497.17635561 323.067904236
308 99.30630190800001 404.31851493
309 350.151441156 202.48168049999998
310 534.899853444 412.05666829800003
311 284.377137264 446.878358586
312 163.46849046 420.43966780200003
313 399.80459211000004 590.679042492
314 107.689301412 426.243282828
315 384.00586223999994 461.064973116
316 202.80410356800002 169.916951622
317 341.768441652 186.68295063
318 332.41817294400005 131.871030786
319 589.711773354 381.74890083
320 501.04543236 266.643869052
321 344.025402996 101.88568638600003
322 271.48021494 77.70395701199998
323 409.799706888 247.620908634
324 454.61651195400003 376.912554942
325 305.334636024 474.92916464399997
326 335.31998049000003 631.304347806
327 509.750854932 401.416707384
328 337.57694183399997 231.82217882999998
329 570.0439668 433.014167058
330 596.482657518 366.917440164
331 297.274059588 139.93160722200003
332 588.74450415 303.40009768199997
333 370.46409378 242.784562746
334 290.503175358 473.31704937
335 185.715681492 465.25647286800006
336 396.902784564 256.326331206
337 456.228627228 169.59452855400002
338 567.142159254 365.30532489
339 202.159257432 151.53883734000001
340 419.472398664 479.44308746400003
341 446.878358586 455.26135809
342 299.853444066 271.48021494
343 103.820224728 377.879824146
344 157.020029298 327.58182705599995
345 438.81778214999997 467.835857346
346 549.086467974 303.72252075
347 213.76648755 306.301905228
348 183.78114315000002 303.40009768199997
349 603.898387884 348.216902814
350 204.093795774 114.13776257399998
351 597.127503654 327.259403988
352 262.4523693 142.51099169999998
353 505.881778182 287.27894481000004
354 364.98290182200003 336.932095764
355 279.218368374 61.905227141999994
356 348.539325816 229.56521741999995
357 409.154860752 580.039081578
358 262.4523693 112.84807036799998
359 391.09916953799996 415.92574498199997
360 295.01709817799997 570.68881287
361 354.98778697800003 178.62237419399997
362 224.40644846400002 497.17635561
363 488.47093310400004 566.819736186
364 560.048851956 425.598436758
365 165.40302880200002 174.43087444199998
366 277.60625303399996 406.57547627400004
367 270.835368804 414.958475844
368 278.25109917 119.61895459799999
369 417.537860256 596.805080586
370 171.529066896 104.46507086399997
371 480.410356602 305.01221302199997
372 402.70639959 206.67318025199998
373 186.03810456 351.118710294
374 560.693698092 441.71958963
375 432.369320988 233.75671717199998
376 498.466047882 423.341475348
377 162.17879825400001 157.98729850199996
378 371.753786052 187.005373698
379 388.51978506 195.71079626999997
380 233.43429410399997 343.702979994
381 592.291157766 401.739130452
382 526.194430872 393.03370788
383 212.154372276 333.70786515000003
384 202.159257432 455.90620422599994
385 410.122129956 259.55056182000004
386 511.362970206 423.66389841600005
387 317.586712278 128.00195410199998
388 226.018563738 171.206643894
389 89.9560332 387.552515856
390 419.149975596 130.903761582
391 409.47728382 515.23204689
392 319.198827552 433.981436262
393 299.853444066 607.122618498
394 181.201758672 313.717635594
395 199.257449952 308.23644357000006
396 259.872984888 420.117244734
397 238.27063999199999 510.395701002
398 287.923790946 121.875915942
399 457.19589643200004 389.80947726600004
400 446.23351245000003 483.957010284
401 423.66389841600005 148.959452862
402 95.114802156 371.431362984
403 174.108451374 350.15144115600003
404 246.976062498 196.678065474
405 301.787982408 171.206643894
406 555.212506134 460.742550048
407 572.30092821 395.29066929000004
408 212.799218346 119.94137759999997
409 280.830483648 243.10698581399998
410 175.720566714 280.50806058
411 521.680508052 280.185637512
412 179.912066466 343.05813385799996
413 264.38690764200004 69.32095750799998
414 225.373717668 413.99120664000003
415 261.485100162 128.96922324000002
416 161.21152905 111.23595502799998
417 202.48168049999998 125.42256962399998
418 560.048851956 297.274059588
419 229.24279435199998 436.883243742
420 140.898876426 231.17733269400003
421 167.659990212 148.31460672600002
422 190.874450448 359.501709798
423 434.30385932999997 149.60429899800005
424 295.661944314 461.709819252
425 385.295554446 579.71665851
426 600.0293111999999 397.5476307
427 279.540791376 593.25842697
428 298.886174862 127.03468489799997
429 170.561797758 115.42745477999998
430 225.05129459999998 157.66487543399998
431 498.466047882 281.15290671599996
432 227.30825601 422.05178307599994
433 273.414753282 191.84171958600004
434 545.21739129 487.5036639
435 427.210552032 473.96189544000003
436 403.351245726 267.28871518799997
437 177.97752805800002 59.32584266399998
438 150.571568136 92.535417678
439 131.22618465 411.08939909400004
440 265.35417684600003 609.70200291
441 307.914020502 90.27845626799999
442 129.291646308 256.971177342
443 256.971177342 189.584758176
444 148.637029794 79.63849535400001
445 476.21885685 552.6331216560001
446 511.362970206 566.819736186
447 551.343429384 419.794821666
448 109.301416686 332.740596012
449 201.19198829400003 359.17928673
450 315.974597004 340.47874937999995
451 404.640937932 136.707376674
452 324.35759650800003 137.99706887999997
453 603.898387884 334.67513435399997
454 236.65852465199998 530.063507556
455 297.918905724 594.548119176
456 549.4088910419999 293.08255983600003
457 153.473375682 216.66829509599998
458 217.63556423400001 171.85148996399997
459 139.931607222 222.79433319000003
460 356.922325386 105.43234000199999
461 469.770395688 536.511968718
462 398.19247677000004 431.079628716
463 294.372252108 179.912066466
464 227.630679012 336.932095764
465 288.246213948 321.77821202999996
466 304.044943818 615.505618002
467 213.76648755 354.665363976
468 190.874450448 235.36883244600003
469 573.913043484 278.25109917
470 142.833414768 259.228138752
471 223.43917926 512.007816342
472 305.01221302199997 440.42989742400005
473 221.18221785 332.740596012
474 516.844162164 290.825598426
475 158.632144572 166.69272107400002
476 299.53102099800003 190.22960431199996
477 313.717635594 70.93307278200004
478 131.871030786 248.588177838
479 407.22032241 600.0293111999999
480 144.76795311 369.81924771000007
481 167.659990212 94.46995601999998
482 233.43429410399997 503.62481683799996
483 509.750854932 548.4416219039999
484 471.70493403 546.184660494
485 158.632144572 101.88568638600003
486 237.62579385599997 121.55349294000004
487 232.46702489999998 201.51441136199998
488 270.835368804 159.27699070799997
489 253.42452372600002 70.93307278200004
490 328.871519328 186.03810455999997
491 211.83194920800003 99.95114804399999
492 141.866145564 267.28871518799997
493 139.931607222 327.90425012400004
494 504.59208597599996 435.915974604
495 571.656082074 407.86516854599995
496 222.471910122 368.20713237
497 306.624328296 314.36248166400003
498 225.05129459999998 357.5671714559999
499 492.662432856 393.03370788
500 400.44943817999996 124.45530042000003
501 317.586712278 423.341475348
502 347.894479746 219.57010257599998
503 380.459208624 93.18026381399997
504 399.48216904199995 403.67366879400004
505 198.935026884 296.629213452
506 155.730337092 231.17733269400003
507 186.360527628 365.62774789199995
508 475.89643378200003 565.852467048
509 288.891060084 597.449926722
510 293.727405972 204.73864191
511 108.978993618 396.257938428
512 200.22471908999998 181.201758672
513 426.888128964 596.805080586
514 399.48216904199995 412.05666829800003
515 589.0669272179999 287.923790946
516 596.482657518 312.105520254
517 583.263312192 281.15290671599996
518 512.97508548 278.25109917
519 488.793356106 301.787982408
520 307.269174432 76.09184173799999
521 327.259403988 341.446018584
522 375.30043966799997 231.499755762
523 149.92672199999998 132.83829992400004
524 321.455788962 52.55495849999997
525 568.109428458 293.727405972
526 325.324865646 618.407425482
527 358.212017592 261.485100162
528 218.60283343799998 407.86516854599995
529 303.72252075 433.336590126
530 347.24963361 630.659501736
531 310.170981912 506.849047386
532 576.1700048939999 296.629213452
533 560.693698092 267.611138256
534 281.475329718 473.63947237200006
535 429.145090374 510.71812407000004
536 496.20908647199997 537.479237922
537 426.243282828 519.423546642
538 525.227161668 407.22032241
539 553.600390794 479.765510532
540 313.717635594 62.550073278000035
541 202.159257432 351.118710294
542 380.781631626 243.10698581399998
543 506.20420125000004 417.215437254
544 140.898876426 276.961406964
545 364.33805568599996 256.326331206
546 270.512945802 203.771372772
547 151.216414272 152.50610647800002
548 283.087445058 177.97752805800002
549 512.97508548 413.99120664000003
550 161.21152905 216.02344896000002
551 549.086467974 279.863214444
552 550.376160246 454.938935022
553 292.4377137 90.27845626799999
554 591.323888628 354.665363976
555 557.469467544 453.00439667999996
556 501.04543236 294.69467511
557 279.863214444 234.07914017400003
558 451.392281406 156.37518316199998
559 273.092330214 245.686370292
560 101.885686386 387.23009278800004
561 373.365901326 339.833903244
562 500.078163156 399.159745974
563 432.69174398999996 139.93160722200003
564 288.568637016 464.28920372999994
565 610.346849046 354.02051783999997
566 238.593062994 522.647777256
567 212.799218346 66.74157303000004
568 564.240351708 468.80312655
569 208.285295526 420.43966780200003
570 148.31460672600002 377.557401078
571 177.33268198800002 261.162677094
572 309.203712774 125.74499269200004
573 240.205178334 62.87249634600002
574 277.60625303399996 197.96775768
575 456.55105029599997 484.279433286
576 290.503175358 234.07914017400003
577 256.326331206 206.02833411600002
578 572.30092821 442.042012698
579 421.72936000799996 141.22129949400002
580 565.852467048 374.333170464
581 263.097215436 121.23106987199998
582 214.41133368599998 319.19882755199995
583 220.85979484799998 340.80117244799993
584 265.676599914 199.257449952
585 246.00879336 431.724474852
586 456.228627228 192.16414265400002
587 386.907669786 241.49487054
588 271.157791872 180.23448946799996
589 284.054714196 456.55105029599997
590 387.23009278800004 603.575964816
591 280.50806058 208.60771859400003
592 223.43917926 351.118710294
593 463.321934526 174.43087444199998
594 419.794821666 236.98094772000002
595 380.459208624 586.809965808
596 443.97655104 226.66340987399997
597 217.957987302 417.215437254
598 179.912066466 268.255984392
599 420.117244734 244.719101154
600 157.020029298 143.15583783600002
601 258.583292616 63.51734248199998
602 240.850024404 56.74645825199997
603 418.182706392 583.908158262
604 271.48021494 237.94821692399998
605 137.674645812 321.77821202999996
606 256.971177342 197.00048854199997
607 166.692721074 292.115290698
608 245.041524156 68.67611137200001
609 519.423546642 414.313629708
610 174.75329751 460.420127046
611 251.81240838600002 61.58280407400001
612 206.99560332000001 158.632144572
613 598.417195926 377.557401078
614 211.50952614 57.71372738999999
615 143.80068390600002 216.02344896000002
616 375.94528580400004 88.02149485800003
617 262.4523693 78.99364921799997
618 89.31118713 365.30532489
619 366.91744016399997 177.65510505599997
620 353.698094772 625.178309712
621 565.2076209119999 412.05666829800003
622 407.22032241 123.81045434999999
623 504.91450904400006 543.282852948
624 545.539814358 415.280898846
625 461.387396184 458.163165636
626 591.968734764 390.77674647
627 297.274059588 616.47288714
628 131.22618465 240.85002440400004
629 411.73424523 206.02833411600002
630 564.885197844 453.649242816
631 120.908646804 326.61455791800006
632 279.218368374 70.93307278200004
633 187.005373698 342.73571079
634 95.75964829200001 382.393746966
635 567.464582322 448.168050792
636 434.9487054 597.449926722
637 291.14802149400003 624.211040574
638 224.728871532 404.31851493
639 302.110405476 86.08695651599997
640 171.206643894 357.5671714559999
641 299.853444066 79.63849535400001
642 396.58036149599997 600.674157336
643 297.918905724 318.876404484
644 502.657547634 410.76697609199994
645 342.09086465400003 82.21787983200004
646 187.327796766 274.059599418
647 576.1700048939999 387.552515856
648 273.414753282 126.71226182999999
649 132.19345385399998 326.93698092
650 144.123106974 316.94186614200004
651 553.277967726 269.545676598
652 516.844162164 546.184660494
653 118.32926232599999 405.60820713600003
654 310.815828048 225.05129459999998
655 375.62286273599995 78.67122621600001
656 499.755740088 547.796775768
657 210.21983393399998 163.79091352800003
658 170.561797758 286.311675606
659 419.472398664 470.09281875600004
660 391.09916953799996 264.386907642
661 116.072300916 388.19736199199997
662 394.000977018 128.646800172
663 488.793356106 268.57840739399995
664 360.146555934 619.697117754
665 357.24474838799995 225.69614067
666 136.062530538 287.27894481000004
667 430.112359578 241.817293608
668 343.05813385799996 337.57694183399997
669 150.893991204 226.98583294200003
670 111.235955028 416.5705911179999
671 132.838299924 355.63263311400004
672 124.45530042 286.311675606
673 482.667318012 559.081582818
674 326.29213485 426.888128964
675 207.640449456 357.24474838799995
676 184.42598922000002 335.96482656000006
677 207.962872524 299.853444066
678 268.578407394 123.81045434999999
679 444.943820244 151.861260408
680 342.09086465400003 213.444064482
681 401.416707384 116.07230091600002
682 490.727894448 428.500244238
683 412.701514434 200.22471909000004
684 148.637029794 104.14264779599999
685 341.768441652 220.53737178
686 238.593062994 197.00048854199997
687 240.527601336 203.12652663600002
688 167.337567144 307.91402050199997
689 310.815828048 482.667318012
690 182.16902787599997 245.36394722400001
691 186.68295063 224.08402539600004
692 565.5300439800001 419.149975596
693 196.678065474 460.742550048
694 579.3942354420001 289.858329288
695 295.661944314 256.003908138
696 149.604298998 318.553981416
697 388.842208128 88.98876406199997
698 565.5300439800001 462.67708839000005
699 287.27894481 604.220810952
700 229.88764042199998 66.41914996199998
701 363.370786548 186.36052762800003
702 151.861260408 146.38006838399997
703 469.125549552 392.06643867599996
704 573.913043484 285.0219834
705 210.21983393399998 148.959452862
706 495.886663404 274.704445554
707 249.55544697599998 425.920859826
708 293.082559836 602.9311186799999
709 202.159257432 225.37371766799995
710 147.99218365800002 254.391792864
711 154.44064482 117.36199318800003
712 124.45530042 404.31851493
713 438.172936014 489.438202242
714 227.630679012 121.55349294000004
715 218.60283343799998 178.62237419399997
716 246.976062498 207.31802638800002
717 150.571568136 391.744015608
718 312.427943322 419.47239866399997
719 212.476795278 157.342452366
720 331.128480672 416.24816804999995
721 413.66878357200005 212.154372276
722 157.664875434 315.974597004
723 314.040058596 477.83097212399997
724 283.409868126 623.888617506
725 220.21494871200002 431.724474852
726 163.146067392 301.46555934
727 194.743527132 124.45530042000003
728 201.19198829400003 160.56668297999997
729 274.704445554 603.575964816
730 155.085490956 84.152418174
731 306.624328296 344.347826064
732 401.416707384 214.41133368600003
733 309.84855884399997 196.678065474
734 216.990718098 160.56668297999997
735 556.50219834 307.269174432
736 147.02491452 139.93160722200003
737 198.61260381600002 336.28724962800004
738 297.918905724 469.125549552
739 251.81240838600002 231.499755762
740 265.031753778 207.31802638800002
741 285.0219834 73.19003419199998
742 564.885197844 274.382022486
743 195.0659502 351.44113336199996
744 134.127992196 332.09574987599996
745 574.235466552 378.52467028200005
746 290.18075229 130.25891551200002
747 333.38544208199994 342.09086465400003
748 559.081582818 407.542745478
749 515.876893026 407.542745478
750 558.75915975 474.284318508
751 303.077674614 466.54616513999997
752 451.392281406 162.82364439
753 127.67953103400001 399.159745974
754 536.834391786 421.72936000799996
755 212.154372276 314.04005859600005
756 364.33805568599996 221.504640918
757 153.79579875 308.23644357000006
758 394.64582315399997 191.84171958600004
759 361.113825138 304.689789954
760 217.957987302 360.79140207
761 174.108451374 314.04005859600005
762 415.92574498199997 139.93160722200003
763 205.061064978 315.329750868
764 529.741084488 276.31656082800004
765 133.805569128 235.691255514
766 204.73864191 337.89936490199995
767 490.727894448 274.382022486
768 210.86468000399998 346.927210542
769 303.077674614 483.31216414799997
770 234.401563242 425.27601369
771 354.98778697800003 220.53737178
772 184.748412288 229.24279435199998
773 146.380068384 222.79433319000003
774 220.53737178 505.23693211200003
775 147.02491452 384.00586224000006
776 153.79579875 237.303370788
777 415.603321914 241.17244747200002
778 585.197850534 358.53444066000003
779 230.854909626 410.122129956
780 439.46262822 481.700048874
781 432.369320988 491.372740584
782 325.969711782 230.21006349
783 362.403517344 181.201758672
784 282.76502199000004 86.73180265200001
785 196.35564240600002 192.80898878999997
786 351.118710294 96.72691743000001
787 337.254518832 412.701514434
788 571.011235938 452.681973612
789 210.21983393399998 108.65657061599997
790 425.92085982599997 245.686370292
791 243.75183195 528.77381535
792 443.331704904 378.84709328400004
793 278.895945306 600.674157336
794 196.03321933799998 466.223742072
795 215.701025892 150.571568136
796 297.918905724 621.9540791640001
797 454.61651195400003 457.19589643200004
798 607.767464568 363.37078654799996
799 441.07474356 383.361016104
800 163.790913528 313.717635594
801 385.617977514 423.341475348
802 254.714215932 412.701514434
803 514.264777752 391.744015608
804 315.00732780000004 194.74352713200003
805 525.227161668 401.416707384
806 299.53102099800003 628.402540326
807 197.96775768 120.26380066800003
808 221.827063986 318.553981416
809 426.565705896 484.279433286
810 321.455788962 311.783097186
811 396.257938428 271.80263800800003
812 413.34636050399996 473.31704937
813 363.69320955 235.36883244600003
814 368.529555438 229.88764042200003
815 577.4596971 405.28578406799994
816 333.38544208199994 223.43917926
817 302.755251612 622.9213483020001
818 327.259403988 420.43966780200003
819 227.630679012 56.74645825199997
820 187.005373698 77.70395701199998
821 294.69467511 242.784562746
822 384.00586223999994 265.676599914
823 487.181240832 536.511968718
824 269.868099666 152.50610647800002
825 281.15290671599996 324.35759650800003
826 205.38348804599997 72.22276505399996
827 218.60283343799998 426.565705896
828 202.80410356800002 104.14264779599999
829 393.356130948 425.920859826
830 417.537860256 145.09037617799999
831 600.0293111999999 383.038593036
832 446.23351245000003 248.26575477000003
833 198.29018074799998 131.22618464999996
834 146.057645316 125.100146556
835 271.157791872 114.46018564200004
836 115.749877848 338.86663410600005
837 358.212017592 185.715681492
838 354.98778697800003 336.28724962800004
839 547.151929632 463.644357594
840 275.99413776 182.81387394599997
841 347.572056678 59.648265732000034
842 141.543722496 384.973131444
843 369.496824642 329.516365398
844 288.246213948 566.4973131180001
845 501.367855428 557.147044476
846 299.20859793 199.90229602199997
847 378.52467028200005 420.43966780200003
848 587.132388876 295.01709817799997
849 375.30043966799997 334.030288218
850 201.514411362 138.96433808400002
851 287.27894481 610.024425978
852 129.614069376 389.80947726600004
853 110.913532026 388.51978505999995
854 202.48168049999998 472.027357098
855 380.459208624 275.67171469199997
856 292.115290698 584.553004398
857 544.894968222 264.06448464
858 309.203712774 492.662432856
859 288.246213948 245.686370292
860 310.815828048 318.876404484
861 170.561797758 158.632144572
862 161.856375186 308.881289706
863 433.014167058 485.569125558
864 600.674157336 358.212017592
865 212.476795278 341.446018584
866 386.585246718 588.422081082
867 315.974597004 349.50659502
868 145.73522224799999 98.98387883999996
869 167.337567144 164.113336596
870 261.162677094 212.47679527799997
871 211.50952614 170.56179775799995
872 321.133365894 225.37371766799995
873 361.758671208 228.59794821600002
874 176.687835852 296.30679045
875 151.861260408 243.10698581399998
876 520.068392778 389.48705419800007
877 222.471910122 325.647288714
878 504.59208597599996 276.638983896
879 358.53444066 614.21592573
880 351.76355642999994 67.06399609800002
881 265.35417684600003 190.874450448
882 91.245725472 354.342940908
883 392.06643867599996 580.039081578
884 292.760136768 249.23302390800004
885 378.84709328400004 187.32779676599998
886 401.739130452 243.42940888199996
887 232.46702489999998 418.182706392
888 192.16414265400002 224.40644846400002
889 252.77967759 127.67953103400001
890 381.10405469399996 553.922813862
891 578.426966304 436.23839767199996
892 390.454323402 205.061064978
893 239.560332198 433.659013194
894 408.832437684 216.99071809800003
895 322.100635098 338.544211038
896 596.482657518 318.553981416
897 439.140205152 376.267708872
898 328.871519328 221.504640918
899 176.687835852 52.55495849999997
900 134.45041526400001 340.156326312
901 397.870053768 246.00879336
902 92.21299461000001 360.79140207
903 178.944797262 289.53590622
904 194.09868099599998 343.05813385799996
905 382.716170034 412.05666829800003
906 314.040058596 134.772838332
907 228.59794821600002 349.18417195199993
908 383.038593036 203.771372772
909 301.787982408 229.56521741999995
910 215.378602824 61.58280407400001
911 598.739618928 404.31851493
912 447.20078165399997 181.201758672
913 385.940400582 274.059599418
914 372.076209054 194.74352713200003
915 311.460674184 139.28676108599998
916 521.358084984 419.47239866399997
917 439.46262822 450.10258913399997
918 440.42989742400005 242.13971667599998
919 421.72936000799996 523.292623326
920 393.03370788 248.91060090599998
921 269.868099666 604.865657088
922 440.752320492 388.19736199199997
923 116.71714705199999 413.34636050399996
924 398.514899838 137.02979967600004
925 211.187103072 92.535417678
926 543.605276016 275.026868556
927 541.025891538 266.643869052
928 183.136297014 455.90620422599994
929 125.42256962399999 393.356130948
930 252.134831454 430.43478257999993
931 192.16414265400002 336.932095764
932 538.7689301280001 503.94723984
933 189.907181244 243.75183195000002
934 299.53102099800003 183.78114315000002
935 121.87591594199999 397.87005376800005
936 143.478260838 311.13825111600005
937 573.913043484 291.148021494
938 441.07474356 234.72398631
939 569.399120664 423.01905228
940 120.58622373600001 344.9926722
941 112.52564729999999 378.84709328400004
942 313.39521252599997 84.152418174
943 202.48168049999998 464.61162679800003
944 312.75036639 313.39521252599997
945 305.01221302199997 198.29018074799998
946 177.01025891999998 307.591597434
947 378.20224721399995 182.81387394599997
948 256.971177342 122.19833901
949 300.82071327 510.71812407000004
950 222.471910122 124.777723488
951 305.334636024 137.35222274400002
952 174.108451374 265.999022982
953 520.068392778 298.241328792
954 310.49340498 500.723009292
955 253.10210065799998 422.374206144
956 205.705911114 344.347826064
957 246.00879336 488.793356106
958 217.957987302 346.927210542
959 474.606741576 392.38886174400005
960 194.743527132 229.56521741999995
961 207.962872524 62.87249634600002
962 224.728871532 70.288226646
963 311.783097186 266.643869052
964 434.30385932999997 226.66340987399997
965 258.90571568400003 73.51245725999998
966 333.38544208199994 621.631656096
967 181.201758672 238.91548606199999
968 299.20859793 164.435759664
969 313.717635594 77.059110876
970 162.17879825400001 207.640449456
971 309.84855884399997 619.052271618
972 299.20859793 251.16756231600002
973 136.062530538 297.918905724
974 491.372740584 541.025891538
975 440.752320492 144.445530042
976 391.744015608 210.21983393400004
977 308.23644357 269.545676598
978 195.0659502 302.110405476
979 342.73571079 93.18026381399997
980 289.213483152 81.573033696
981 450.425012202 368.529555438
982 222.79433319 164.435759664
983 394.64582315399997 573.590620416
984 305.657059092 424.63116755399994
985 172.4963361 54.81191991
986 469.125549552 555.5349291360001
987 171.851489964 141.22129949400002
988 430.112359578 586.809965808
989 483.95701028400003 398.514899838
990 220.21494871200002 402.06155351999996
991 559.081582818 466.86858820799995
992 291.79286763 617.762579412
993 575.847581826 400.77186124800005
994 431.079628716 600.674157336
995 486.53639469600006 542.96042988
996 184.42598922000002 278.89594530600004
997 367.884709302 566.819736186
998 235.04640937800002 494.596971198
999 148.31460672600002 364.660478754
1000 267.93356132400004 147.99218365799996
1001 584.553004398 403.996091862
1002 142.5109917 333.38544208200005
1003 573.913043484 272.125061076
1004 220.85979484799998 150.89399120399997
1005 201.83683436400003 365.30532489
1006 206.99560332000001 178.299951126
1007 167.015144142 141.22129949400002
1008 171.851489964 298.241328792
1009 136.707376674 256.003908138
1010 251.48998531799998 209.25256473
1011 582.2960429880001 295.66194431400004
1012 411.411822162 238.593062994
1013 416.893014186 261.162677094
1014 411.411822162 127.67953103400001
1015 377.557401078 195.0659502
1016 175.720566714 121.55349294000004
1017 540.0586224 279.540791376
1018 350.151441156 189.262335108
1019 511.685393274 560.048851956
1020 283.732291128 248.91060090599998
1021 183.136297014 250.200293112
1022 429.46751344200004 135.41768440199996
1023 313.717635594 427.85539816799997
1024 175.075720578 98.33903270399999
1025 543.927699084 497.49877867799995
1026 378.52467028200005 264.386907642
1027 369.496824642 262.4523693
1028 356.922325386 190.22960431199996
1029 115.42745478 399.48216904199995
1030 229.56521742 320.166096756
1031 151.216414272 402.06155351999996
1032 269.545676598 131.22618464999996
1033 308.23644357 131.54860771800003
1034 250.52271618 112.20322423200001
1035 236.013678582 55.13434291199998
1036 316.619443074 440.42989742400005
1037 215.701025892 400.77186124800005
1038 134.45041526400001 261.162677094
1039 515.23204689 284.69956033200003
1040 434.30385932999997 477.508549122
1041 274.382022486 68.35368830400002
1042 116.39472398400001 381.74890083
1043 295.984367382 587.454811944
1044 479.443087464 544.57254522
1045 578.749389372 274.704445554
1046 542.31558381 407.22032241
1047 344.670249132 75.12457253400004
1048 485.569125558 272.76990721199996
1049 148.31460672600002 236.98094772000002
1050 588.099658014 394.96824622200006
1051 461.709819252 179.58964339800002
1052 199.579872954 342.09086465400003
1053 291.14802149400003 452.681973612
1054 270.512945802 197.32291160999998
1055 172.4963361 290.825598426
1056 383.68343917199996 187.97264290200002
1057 251.81240838600002 77.059110876
1058 540.70346847 424.953590622
1059 353.375671704 257.29360041
1060 555.212506134 486.8588177639999
1061 417.860283324 207.962872524
1062 261.485100162 233.43429410399997
1063 218.60283343799998 315.0073278
1064 188.93991204 219.57010257599998
1065 183.45872008199999 360.79140207
1066 249.55544697599998 103.17537859199996
1067 407.22032241 130.25891551200002
1068 152.828529546 111.23595502799998
1069 218.60283343799998 65.77430389200002
1070 441.07474356 221.827063986
1071 434.30385932999997 498.466047882
1072 369.81924770999996 271.80263800800003
1073 131.548607718 290.825598426
1074 448.49047385999995 167.65999021199997
1075 450.102589134 384.650708376
1076 284.699560332 78.99364921799997
1077 145.73522224799999 330.48363460200005
1078 190.874450448 308.55886663800004
1079 154.118221818 157.66487543399998
1080 385.940400582 593.25842697
1081 433.014167058 504.59208597599996
1082 279.540791376 460.420127046
1083 344.347826064 236.33610158399998
1084 239.560332198 591.00146556
1085 305.97948216000003 351.44113336199996
1086 508.13873959200004 430.757205648
1087 561.01612116 304.367366886
1088 569.399120664 282.120175854
1089 137.352222744 408.510014682
1090 374.9780166 261.80752322999996
1091 389.80947726600004 584.553004398
1092 367.884709302 225.37371766799995
1093 286.956521742 229.88764042200003
1094 305.97948216000003 82.54030290000001
1095 428.17782117 503.94723984
1096 181.52418174000002 274.382022486
1097 162.501221322 141.866145564
1098 368.529555438 251.48998531799998
1099 544.250122152 427.210552032
1100 201.83683436400003 134.12799219600004
1101 567.78700539 299.853444066
1102 534.577430376 270.19052273399996
1103 336.609672696 106.07718613800003
1104 469.125549552 586.1651196720001
1105 585.197850534 390.131900334
1106 154.763067888 362.403517344
1107 232.78944796800002 351.118710294
1108 369.81924770999996 234.401563242
1109 293.727405972 82.21787983200004
1110 427.5329751 139.28676108599998
1111 276.961406964 156.37518316199998
1112 455.906204226 161.85637518599998
1113 160.56668298 225.69614067
1114 421.084513938 250.84513924800004
1115 543.927699084 270.19052273399996
1116 290.825598426 589.711773354
1117 385.940400582 97.69418663400003
1118 358.212017592 99.30630190800002
1119 606.477772362 340.47874937999995
1120 457.840742568 183.458720082
1121 394.323400086 239.882755266
1122 555.5349291360001 263.742061572
1123 155.085490956 97.37176356599997
1124 579.71665851 380.459208624
1125 345.63751833599997 332.09574987599996
1126 425.598436758 133.80556912799997
1127 105.75476307 417.53786025600004
1128 334.030288218 183.458720082
1129 569.721543732 402.38397652199995
1130 318.876404484 416.893014186
1131 577.137274032 302.43282854399996
1132 550.698583314 264.70933071
1133 364.98290182200003 619.374694686
1134 422.696629212 201.19198829399997
1135 330.483634602 345.95994140399995
1136 347.572056678 194.09868099599998
1137 197.32291161 157.66487543399998
1138 137.99706888 337.57694183399997
1139 230.21006349 516.199316094
1140 324.35759650800003 346.28236440599994
1141 510.71812407000004 433.981436262
1142 392.388861744 99.95114804399999
1143 598.417195926 389.80947726600004
1144 398.837322906 418.182706392
1145 505.881778182 561.660967296
1146 437.85051294600004 238.270639992
1147 414.636052776 524.9047386660001
1148 197.00048854200003 137.35222274400002
1149 382.071323898 270.835368804
1150 432.69174398999996 515.876893026
1151 225.69614066999998 321.77821202999996
1152 497.49877867799995 287.27894481000004
1153 456.228627228 368.85197850599997
1154 294.372252108 611.9589643200001
1155 421.406937006 517.166585232
1156 420.76209087 589.066927218
1157 155.085490956 383.361016104
1158 311.138251116 441.71958963
1159 581.006350782 388.842208128
1160 491.372740584 296.95163651999997
1161 550.053737178 287.27894481000004
1162 194.421104064 176.04298971599997
1163 208.607718594 325.647288714
1164 98.661455772 426.243282828
1165 323.712750372 131.54860771800003
1166 579.3942354420001 441.07474356
1167 572.30092821 374.333170464
1168 433.33659012600003 472.99462630200003
1169 506.849047386 294.69467511
1170 127.357107966 291.79286763
1171 154.118221818 388.19736199199997
1172 530.385930624 403.351245726
1173 229.88764042199998 520.713238914
1174 112.20322423200001 433.981436262
1175 374.655593532 266.643869052
1176 475.89643378200003 396.58036149599997
1177 239.882755266 68.67611137200001
1178 147.02491452 87.69907178999996
1179 273.414753282 208.28529552599997
1180 219.892525644 57.39130432200001
1181 401.416707384 248.588177838
1182 510.71812407000004 554.24523693
1183 194.421104064 171.85148996399997
1184 464.28920373000005 389.80947726600004
1185 441.397166562 371.108939916
1186 282.120175854 467.513434278
1187 317.26428921 471.382510962
1188 327.904250124 235.36883244600003
1189 225.05129459999998 344.025402996
1190 316.619443074 224.08402539600004
1191 376.590131874 199.579872954
1192 405.930630204 240.205178334
1193 453.326819748 186.68295063
1194 358.856863728 624.533463576
1195 289.213483152 76.09184173799999
1196 104.787493866 412.05666829800003
1197 206.67318025199998 223.116756258
1198 246.00879336 59.32584266399998
1199 159.276990708 362.403517344
1200 372.076209054 586.809965808
1201 196.35564240600002 185.070835356
1202 164.758182732 211.50952614000002
1203 499.11089401799995 415.92574498199997
1204 303.40009768199997 186.03810455999997
1205 340.47874937999995 623.888617506
1206 353.698094772 186.36052762800003
1207 158.30972157 94.46995601999998
1208 410.76697609199994 132.51587692199996
1209 136.707376674 293.08255983600003
1210 594.870542244 408.832437684
1211 353.698094772 340.47874937999995
1212 282.120175854 82.21787983200004
1213 395.93551536 214.733756688
1214 297.274059588 93.50268688200003
1215 386.26282365 206.99560331999996
1216 310.815828048 55.456765980000036
1217 590.0341963559999 360.146555934
1218 118.651685394 427.85539816799997
1219 379.49193942 235.36883244600003
1220 505.881778182 556.179775272
1221 106.399609206 389.80947726600004
1222 260.517830958 203.12652663600002
1223 295.984367382 450.10258913399997
1224 284.377137264 237.303370788
1225 269.22325352999997 172.17391303200003
1226 298.886174862 456.228627228
1227 223.43917926 59.97068880000002
1228 215.05617975599998 166.04787493799998
1229 370.786516848 267.611138256
1230 417.537860256 522.00293112
1231 301.143136272 195.71079626999997
1232 441.07474356 460.097703978
1233 231.177332694 98.66145577199998
1234 552.6331216560001 467.19101120999994
1235 255.68148506999998 116.07230091600002
1236 583.263312192 439.46262822
1237 386.585246718 404.96336099999996
1238 579.3942354420001 397.5476307
1239 583.908158262 434.626282332
1240 325.002442578 238.91548606199999
1241 158.632144572 220.85979484799998
1242 315.974597004 316.29702000599997
1243 442.364435766 179.912066466
1244 554.24523693 412.05666829800003
1245 586.809965808 351.118710294
1246 546.5070835619999 284.69956033200003
1247 227.95310208 164.113336596
1248 537.479237922 427.5329751
1249 284.377137264 90.92330240400003
1250 547.4743527 267.611138256
1251 511.040547138 292.76013676800005
1252 452.681973612 197.64533461200003
1253 289.858329288 240.52760133599998
1254 443.00928190199994 490.72789444800003
1255 223.761602328 177.332681988
1256 569.721543732 272.125061076
1257 315.00732780000004 53.844650705999975
1258 424.95359062200004 488.793356106
1259 306.301905228 180.23448946799996
1260 430.43478258000005 500.078163156
1261 201.19198829400003 143.80068390599996
1262 293.404982904 167.015144142
1263 380.459208624 416.24816804999995
1264 256.003908138 131.871030786
1265 151.216414272 382.393746966
1266 300.498290202 342.413287722
1267 268.255984392 186.03810455999997
1268 147.34733758800002 232.46702490000004
1269 253.74694672799998 201.19198829399997
1270 308.881289706 97.04934049799999
1271 440.42989742400005 230.21006349
1272 256.971177342 77.70395701199998
1273 444.621397176 231.82217882999998
1274 487.82608696799997 395.613092358
1275 267.288715188 118.32926232599998
1276 440.42989742400005 475.89643378200003
1277 187.327796766 249.877870044
1278 277.928676102 248.91060090599998
1279 394.64582315399997 202.159257432
1280 444.298974108 474.92916464399997
1281 542.96042988 283.087445058
1282 311.460674184 344.9926722
1283 207.640449456 67.06399609800002
1284 389.80947726600004 575.525158758
1285 244.396678086 425.27601369
1286 426.888128964 198.29018074799998
1287 116.072300916 332.09574987599996
1288 494.596971198 579.07181244
1289 383.361016104 607.122618498
1290 157.664875434 304.689789954
1291 134.127992196 226.340986806
1292 386.585246718 552.6331216560001
1293 226.663409874 489.438202242
1294 316.619443074 58.03615045799997
1295 610.024425978 343.702979994
1296 584.875427466 397.5476307
1297 559.726428888 412.05666829800003
1298 128.646800172 344.9926722
1299 209.25256473 318.553981416
1300 350.151441156 616.150464072
1301 308.881289706 427.210552032
1302 142.5109917 322.42305816600003
1303 571.3336590060001 388.19736199199997
1304 110.591108958 405.930630204
1305 129.291646308 287.27894481000004
1306 305.334636024 141.866145564
1307 291.14802149400003 175.07572057800002
1308 187.97264290200002 311.783097186
1309 292.760136768 126.389838762
1310 445.91108938200006 238.270639992
1311 154.118221818 76.73668780800003
1312 226.663409874 428.822667306
1313 373.688324394 273.092330214
1314 402.70639959 576.1700048939999
1315 169.59452855400002 154.11822181800002
1316 548.119198836 271.80263800800003
1317 213.121641414 416.24816804999995
1318 295.339521246 626.468001984
1319 127.67953103400001 415.92574498199997
1320 367.884709302 586.1651196720001
1321 510.07327799999996 541.993160742
1322 341.123595516 88.98876406199997
1323 321.455788962 427.210552032
1324 150.571568136 247.29848556599998
1325 438.172936014 457.5183195
1326 224.40644846400002 91.89057154199996
1327 111.558378096 401.739130452
1328 391.42159260600005 92.857840746
1329 182.81387394599997 70.93307278200004
1330 354.342940908 100.27357111199997
1331 280.50806058 78.67122621600001
1332 503.30239377 552.6331216560001
1333 444.298974108 390.77674647
1334 206.67318025199998 120.908646804
1335 458.485588638 176.687835852
1336 161.21152905 149.926722
1337 568.109428458 287.27894481000004
1338 397.22520763200004 132.51587692199996
1339 270.512945802 67.06399609800002
1340 410.122129956 267.93356132400004
1341 194.743527132 188.61748903799997
1342 390.77674647 593.580850038
1343 316.619443074 506.849047386
1344 576.1700048939999 360.146555934
1345 595.837811448 358.856863728
1346 301.787982408 94.79237908800003
1347 284.054714196 600.674157336
1348 482.022471942 297.918905724
1349 276.638983896 238.593062994
1350 322.745481168 420.76209087
1351 151.216414272 98.33903270399999
1352 301.46555933999997 515.23204689
1353 272.447484144 232.78944796800002
1354 535.8671226480001 400.44943817999996
1355 418.50512946 201.51441136199998
1356 392.388861744 268.90083046200004
1357 241.17244747200002 96.40449436200002
1358 256.326331206 211.83194920800003
1359 321.455788962 230.21006349
1360 103.49780166000001 433.659013194
1361 330.161211534 226.98583294200003
1362 508.46116266 409.47728382
1363 343.70297999400003 621.309233028
1364 479.443087464 570.68881287
1365 580.683927714 299.853444066
1366 358.212017592 339.189057174
1367 206.02833411600002 107.04445527599998
1368 286.311675606 203.448949704
1369 146.380068384 228.27552514800004
1370 382.393746966 198.29018074799998
1371 278.573522238 186.68295063
1372 179.912066466 460.420127046
1373 262.4523693 135.09526133399999
1374 208.930141662 351.118710294
1375 181.201758672 284.05471419599996
1376 553.277967726 471.70493403
1377 213.121641414 425.920859826
1378 255.03663899999998 111.23595502799998
1379 285.0219834 618.407425482
1380 475.89643378200003 542.31558381
1381 602.608695678 362.081094276
1382 207.318026388 55.13434291199998
1383 298.241328792 480.087933534
1384 249.233023908 189.262335108
1385 235.691255514 96.72691743000001
1386 170.561797758 169.59452855400002
1387 254.06936979600002 417.215437254
1388 301.787982408 461.709819252
1389 154.44064482 123.16560821400002
1390 111.235955028 410.76697609199994
1391 314.040058596 619.052271618
1392 448.168050792 389.164631196
1393 584.23058133 291.470444562
1394 263.419638504 604.220810952
1395 272.125061076 610.346849046
1396 191.84171958599998 365.95017096
1397 236.65852465199998 59.32584266399998
1398 447.20078165399997 381.74890083
1399 173.78602830600002 340.47874937999995
1400 378.20224721399995 83.18514896999999
1401 494.27454813 299.853444066
1402 390.131900334 272.447484144
1403 176.365412784 114.13776257399998
1404 250.52271618 107.68930141200002
1405 210.21983393399998 226.018563738
1406 320.166096756 622.9213483020001
1407 336.932095764 619.374694686
1408 395.613092358 206.02833411600002
1409 554.567659998 431.724474852
1410 227.30825601 61.905227141999994
1411 566.497313118 404.640937932
1412 341.123595516 239.56033219800003
1413 122.520762078 387.874938924
1414 369.174401574 342.73571079
1415 539.091353196 270.51294580200005
1416 441.397166562 494.596971198
1417 297.596482656 577.137274032
1418 390.77674647 237.94821692399998
1419 539.091353196 402.70639959
1420 347.24963361 619.052271618
1421 559.4040058859999 274.059599418
1422 413.02393750199997 216.66829509599998
1423 150.571568136 86.08695651599997
1424 154.763067888 223.116756258
1425 567.464582322 440.752320492
1426 433.014167058 520.068392778
1427 331.128480672 237.62579385599997
1428 374.010747462 250.200293112
1429 433.981436262 592.613580834
1430 218.28041037 124.45530042000003
1431 197.32291161 163.146067392
1432 233.43429410399997 61.26038107200003
1433 164.11333659599998 89.31118713000004
1434 446.23351245000003 369.174401574
1435 281.797752786 605.510503158
1436 235.691255514 431.079628716
1437 295.339521246 78.34880314800002
1438 196.03321933799998 363.37078654799996
1439 343.05813385799996 627.435271122
1440 222.471910122 119.29653153000001
1441 440.42989742400005 498.78847095
1442 282.442598922 463.644357594
1443 272.447484144 59.32584266399998
1444 417.860283324 569.076697596
1445 327.904250124 412.701514434
1446 317.586712278 66.41914996199998
1447 227.95310208 96.08207129399997
1448 437.20566680999997 506.526624318
1449 482.98974108 546.829506564
1450 331.128480672 337.89936490199995
1451 163.46849046 318.553981416
1452 562.950659502 291.79286763
1453 229.24279435199998 508.783585728
1454 215.378602824 422.374206144
1455 293.727405972 230.21006349
1456 216.02344896000002 146.057645316
1457 164.758182732 100.27357111199997
1458 201.83683436400003 220.85979484799998
1459 281.15290671599996 609.379579842
1460 168.94968248400002 315.652173936
1461 140.25403029 314.36248166400003
1462 570.3663898679999 413.34636050399996
1463 153.473375682 137.674645812
1464 282.120175854 200.869565226
1465 344.347826064 311.460674184
1466 416.57059111800004 512.652662412
1467 437.85051294600004 140.57645335799998
1468 173.14118223600002 306.301905228
1469 175.39814364600002 110.26868589000003
1470 297.918905724 231.82217882999998
1471 546.5070835619999 430.757205648
1472 389.48705419799995 276.638983896
1473 207.318026388 103.17537859199996
1474 552.3106985879999 489.76062531
1475 239.560332198 425.27601369
1476 308.881289706 348.539325816
1477 192.486565722 132.51587692199996
1478 566.174890116 269.868099666
1479 206.350757184 461.709819252
1480 223.116756258 435.915974604
1481 198.935026884 188.93991204000002
1482 303.72252075 225.05129459999998
1483 407.86516854599995 594.548119176
1484 498.143624814 412.05666829800003
1485 356.922325386 231.17733269400003
1486 185.715681492 73.51245725999998
1487 375.62286273599995 416.893014186
1488 156.375183162 147.99218365799996
1489 208.285295526 340.80117244799993
1490 371.753786052 226.66340987399997
1491 560.3712750239999 433.981436262
1492 371.431362984 179.912066466
1493 149.92672199999998 116.71714705199999
1494 476.541279918 582.940889124
1495 518.778700506 395.29066929000004
1496 286.956521742 586.809965808
1497 393.67855395 596.482657518
1498 252.77967759 121.55349294000004
1499 208.930141662 124.777723488
1500 137.99706888 356.922325386
1501 85.764533448 362.081094276
1502 184.748412288 235.36883244600003
1503 99.30630190800001 391.744015608
1504 219.892525644 195.71079626999997
1505 313.39521252599997 122.84318514599997
1506 275.671714692 203.771372772
1507 173.14118223600002 94.14753295199999
1508 481.700048874 554.567659998
1509 535.222276512 264.70933071
1510 338.22178797000004 223.76160232799998
1511 312.427943322 471.382510962
1512 123.81045435000001 409.799706888
1513 131.22618465 295.01709817799997
1514 336.609672696 338.22178797000004
1515 359.82413286599996 233.43429410399997
1516 481.700048874 541.348314606
1517 397.870053768 577.4596971
1518 422.374206144 136.38495360599998
1519 412.056668298 142.51099169999998
1520 165.40302880200002 201.51441136199998
1521 387.23009278800004 93.50268688200003
1522 396.58036149599997 210.21983393400004
1523 199.579872954 346.28236440599994
1524 515.876893026 560.048851956
1525 146.057645316 116.71714705199999
1526 285.344406468 346.60478747400003
1527 295.01709817799997 122.52076207799998
1528 230.532486558 116.71714705199999
1529 179.26722033 251.48998531799998
1530 191.19687345 304.04494381800004
1531 274.382022486 85.764533448
1532 162.17879825400001 452.359550544
1533 246.976062498 99.628724976
1534 169.916951622 311.783097186
1535 438.81778214999997 226.018563738
1536 325.324865646 127.03468489799997
1537 397.5476307 266.643869052
1538 246.00879336 120.908646804
1539 157.342452366 135.74010747000003
1540 194.743527132 180.23448946799996
1541 295.01709817799997 199.257449952
1542 393.03370788 604.865657088
1543 115.42745478 430.757205648
1544 433.981436262 508.46116266
1545 216.668295096 328.871519328
1546 214.41133368599998 387.874938924
1547 478.47581826000004 296.629213452
1548 346.927210542 94.46995601999998
1549 96.40449436200001 361.43624814000003
1550 447.523204722 243.10698581399998
1551 267.93356132400004 135.09526133399999
1552 196.678065474 222.79433319000003
1553 280.830483648 182.491450878
1554 307.591597434 192.486565722
1555 165.72545187 297.274059588
1556 443.97655104 174.108451374
1557 553.600390794 297.274059588
1558 295.984367382 513.942354684
1559 391.42159260600005 589.389350286
1560 404.640937932 119.29653153000001
1561 441.07474356 176.36541278400003
1562 376.590131874 247.29848556599998
1563 496.85393260800004 291.470444562
1564 266.96629212 211.50952614000002
1565 258.90571568400003 236.98094772000002
1566 348.86174888399995 335.31998049000003
1567 177.01025891999998 300.498290202
1568 230.854909626 431.079628716
1569 162.501221322 119.29653153000001
1570 225.373717668 505.23693211200003
1571 231.499755762 355.955056182
1572 148.31460672600002 121.55349294000004
1573 213.444064482 451.71470447400003
1574 403.028822658 260.840254026
1575 340.47874937999995 311.13825111600005
1576 138.319491948 333.38544208200005
1577 317.909135346 319.843673688
1578 387.23009278800004 211.50952614000002
1579 142.5109917 380.13678555599995
1580 322.745481168 235.04640937799996
1581 396.58036149599997 421.72936000799996
1582 503.624816838 406.25305327200005
1583 220.21494871200002 422.374206144
1584 577.782120168 282.76502199
1585 301.787982408 90.92330240400003
1586 242.46213974399998 187.65021983400004
1587 309.526135776 433.336590126
1588 384.32828530800003 417.860283324
1589 209.574987798 153.47337568199998
1590 222.79433319 489.438202242
1591 611.636541252 349.18417195199993
1592 298.56375185999997 89.31118713000004
1593 507.171470454 280.185637512
1594 347.894479746 65.12945775599998
1595 92.21299461000001 394.00097701799996
1596 299.853444066 177.01025891999998
1597 176.042989716 356.59990231800003
1598 230.21006349 359.501709798
1599 287.601367878 85.44211038
1600 155.730337092 161.21152905000002
1601 215.05617975599998 429.145090374
1602 147.669760656 113.49291643800001
1603 383.038593036 191.84171958600004
1604 416.57059111800004 588.422081082
1605 184.748412288 241.17244747200002
1606 425.27601369 241.17244747200002
1607 334.030288218 189.907181244
1608 532.320468966 420.43966780200003
1609 294.04982904 578.749389372
1610 445.266243312 505.881778182
1611 119.94137760000001 391.42159260599993
1612 135.74010747 415.603321914
1613 546.5070835619999 494.27454813
1614 518.133854436 553.922813862
1615 319.84367368799997 347.894479746
1616 497.17635561 542.96042988
1617 351.76355642999994 620.664386892
1618 390.77674647 215.05617975599998
1619 208.285295526 458.48558863799997
1620 492.984855858 270.51294580200005
1621 431.72447485199996 481.05520273799993
1622 158.30972157 119.94137759999997
1623 153.79579875 313.072789458
1624 231.177332694 496.20908647199997
1625 477.83097212399997 539.091353196
1626 145.412799246 108.97899361800003
1627 226.663409874 364.660478754
1628 449.780166066 185.070835356
1629 206.99560332000001 59.003419662
1630 247.29848556599998 421.72936000799996
1631 269.868099666 62.550073278000035
1632 223.761602328 96.72691743000001
1633 422.05178307600005 205.70591111399997
1634 189.907181244 228.59794821600002
1635 580.039081578 359.501709798
1636 446.23351245000003 177.01025891999998
1637 557.469467544 483.31216414799997
1638 287.923790946 206.99560331999996
1639 556.50219834 302.75525161200005
1640 338.866634106 85.764533448
1641 449.780166066 177.97752805800002
1642 243.10698581399998 524.582315598
1643 382.071323898 231.499755762
1644 272.447484144 185.715681492
1645 300.175867134 132.83829992400004
1646 275.349291624 211.83194920800003
1647 336.932095764 217.313141166
1648 113.170493436 384.650708376
1649 299.53102099800003 205.70591111399997
1650 521.358084984 287.27894481000004
1651 107.366878344 408.1875916139999
1652 117.03957012 343.05813385799996
1653 291.14802149400003 85.11968737800004
1654 441.397166562 509.428431864
1655 364.660478754 249.555446976
1656 555.212506134 274.704445554
1657 590.679042492 373.365901326
1658 147.99218365800002 218.28041036999997
1659 147.99218365800002 309.526135776
1660 114.13776257399999 327.90425012400004
1661 444.298974108 386.26282365
1662 159.599413776 320.166096756
1663 223.43917926 362.725940412
1664 262.4523693 238.270639992
1665 377.557401078 271.157791872
1666 315.00732780000004 500.078163156
1667 419.149975596 264.386907642
1668 603.898387884 355.310210046
1669 424.30874448599997 590.679042492
1670 386.907669786 409.47728382
1671 413.99120664000003 264.70933071
1672 294.372252108 323.067904236
1673 386.907669786 269.22325353
1674 137.02979967599998 264.386907642
1675 298.886174862 262.77479236799996
1676 377.557401078 238.91548606199999
1677 212.476795278 176.687835852
1678 153.150952614 104.14264779599999
1679 156.05276016 210.86468000399998
1680 218.92525644 321.77821202999996
1681 118.006839258 348.216902814
1682 408.832437684 211.50952614000002
1683 480.73277966999996 400.77186124800005
1684 481.05520273800005 567.142159254
1685 218.60283343799998 352.085979498
1686 386.585246718 597.127503654
1687 269.545676598 208.930141662
1688 318.553981416 134.772838332
1689 172.81875916799999 271.48021494
1690 278.25109917 86.08695651599997
1691 453.649242816 182.81387394599997
1692 230.854909626 443.00928190200005
1693 389.48705419799995 246.65363949600004
1694 480.410356602 312.427943322
1695 289.858329288 575.20273569
1696 121.55349294 291.148021494
1697 180.556912536 357.24474838799995
1698 220.85979484799998 93.18026381399997
1699 162.17879825400001 96.40449436200002
1700 207.318026388 428.17782117
1701 129.614069376 404.640937932
1702 245.363947224 190.22960431199996
1703 404.640937932 254.71421593199997
1704 502.979970702 428.500244238
1705 327.581827056 217.63556423400001
1706 560.3712750239999 479.120664396
1707 245.041524156 63.83976548399996
1708 194.743527132 76.73668780800003
1709 309.203712774 135.74010747000003
1710 213.444064482 326.93698092
1711 482.667318012 534.577430376
1712 295.01709817799997 237.303370788
1713 326.29213485 225.05129459999998
1714 308.23644357 420.76209087
1715 423.01905228 600.674157336
1716 322.100635098 123.48803128200001
1717 304.36736688599996 122.84318514599997
1718 492.662432856 528.128969214
1719 494.596971198 418.182706392
1720 221.827063986 345.95994140399995
1721 216.990718098 197.96775768
1722 260.19540789 58.35857352600003
1723 218.92525644 120.58622373600001
1724 203.126526636 301.143136272
1725 413.66878357200005 520.713238914
1726 505.23693211200003 425.598436758
1727 500.400586224 275.026868556
1728 360.79140207 330.48363460200005
1729 581.006350782 393.67855395
1730 195.0659502 149.60429899800005
1731 255.03663899999998 426.243282828
1732 151.861260408 68.03126523599997
1733 237.948216924 421.72936000799996
1734 357.889594524 65.77430389200002
1735 235.04640937800002 66.41914996199998
1736 179.912066466 256.326331206
1737 320.166096756 74.479726398
1738 241.17244747200002 192.16414265400002
1739 155.085490956 108.01172448000001
1740 523.937469462 412.379091366
1741 311.783097186 437.528089878
1742 409.47728382 139.93160722200003
1743 215.701025892 92.857840746
1744 413.66878357200005 585.842696604
1745 548.441621904 424.63116755399994
1746 223.116756258 199.579872954
1747 398.19247677000004 240.85002440400004
1748 107.689301412 385.295554446
1749 473.31704937 585.520273602
1750 242.139716676 422.374206144
1751 440.42989742400005 149.926722
1752 319.198827552 195.0659502
1753 604.220810952 367.56228630000004
1754 284.054714196 116.07230091600002
1755 167.015144142 207.31802638800002
1756 249.233023908 57.39130432200001
1757 495.24181726800003 295.66194431400004
1758 263.419638504 63.194919414000005
1759 271.48021494 119.94137759999997
1760 150.249145068 258.260869548
1761 488.47093310400004 306.946751364
1762 226.018563738 99.628724976
1763 282.76502199000004 342.73571079
1764 146.702491452 360.79140207
1765 438.495359082 392.38886174400005
1766 226.985832942 198.93502688400002
1767 519.7459697099999 399.159745974
1768 346.282364406 623.888617506
1769 436.56082074 493.629701994
1770 151.861260408 73.51245725999998
1771 217.957987302 96.72691743000001
1772 374.9780166 179.912066466
1773 321.77821202999996 316.94186614200004
1774 137.674645812 412.379091366
1775 304.689789954 128.32437716999996
1776 427.855398168 591.00146556
1777 399.48216904199995 581.9736199199999
1778 167.015144142 109.62383975399999
1779 230.532486558 490.405471446
1780 260.840254026 208.28529552599997
1781 328.22667319199996 240.85002440400004
1782 318.876404484 140.57645335799998
1783 116.39472398400001 324.68001950999997
1784 247.62090863400002 75.12457253400004
1785 137.02979967599998 252.13483145400002
1786 500.72300929200003 403.996091862
1787 449.135319996 174.108451374
1788 490.083048378 531.03077676
1789 149.28187592999998 313.39521252599997
1790 426.888128964 479.765510532
1791 325.324865646 335.64240349199997
1792 196.03321933799998 355.955056182
1793 347.24963361 70.61064971399998
1794 351.76355642999994 107.36687834399997
1795 323.067904236 220.21494871200002
1796 529.418661486 398.837322906
1797 266.96629212 60.293111868000004
1798 494.596971198 414.63605277600004
1799 292.760136768 447.20078165399997
1800 143.15583783600002 375.3004396680001
1801 389.80947726600004 598.739618928
1802 197.64533461200003 141.866145564
1803 217.313141166 366.595017096
1804 466.223742072 476.21885685
1805 407.542745478 587.454811944
1806 136.38495360599998 360.146555934
1807 392.71128481200003 275.026868556
1808 197.96775768 226.98583294200003
1809 275.99413776 608.412310704
1810 277.283829966 413.34636050399996
1811 220.21494871200002 62.22765020999998
1812 288.246213948 179.58964339800002
1813 252.134831454 118.006839258
1814 443.331704904 502.33512456600005
1815 114.460185642 408.510014682
1816 594.225696108 394.96824622200006
1817 146.702491452 389.164631196
1818 157.342452366 152.50610647800002
1819 550.376160246 484.92427942200004
1820 366.272594028 558.114313614
1821 417.860283324 256.648754274
1822 436.238397672 143.80068390599996
1823 170.561797758 303.40009768199997
1824 164.758182732 284.05471419599996
1825 413.66878357200005 135.09526133399999
1826 592.291157766 296.629213452
1827 305.97948216000003 486.8588177639999
1828 411.73424523 592.291157766
1829 507.81631659000004 272.447484144
1830 514.5872007539999 553.600390794
1831 492.01758672 423.66389841600005
1832 412.701514434 123.81045434999999
1833 340.156326312 78.02638008000004
1834 150.893991204 368.20713237
1835 439.785051288 503.30239377
1836 507.171470454 259.228138752
1837 150.893991204 398.19247677000004
1838 209.897410866 364.015632618
1839 460.420127046 384.00586224000006
1840 398.19247677000004 425.27601369
1841 549.73131411 412.701514434
1842 289.53590622 459.130434774
1843 163.146067392 104.78749386600002
1844 354.342940908 63.194919414000005
1845 276.31656082800004 177.65510505599997
1846 157.020029298 89.9560332
1847 602.608695678 340.80117244799993
1848 504.269662908 548.119198836
1849 394.000977018 244.396678086
1850 249.877870044 202.80410356799996
1851 398.514899838 218.28041036999997
1852 123.81045435000001 294.04982903999996
1853 460.742550048 370.141670712
1854 422.696629212 513.297508548
1855 248.26575477000003 65.12945775599998
1856 356.59990231800003 332.09574987599996
1857 243.42940888200002 520.390815846
1858 230.21006349 196.678065474
1859 443.331704904 245.04152415600004
1860 150.893991204 372.398632122
1861 347.894479746 213.76648755
1862 239.23790913000002 428.822667306
1863 503.624816838 257.93844648000004
1864 94.46995602 397.22520763200004
1865 224.40644846400002 194.74352713200003
1866 495.886663404 531.998045898
1867 426.565705896 564.240351708
1868 160.889105982 91.56814853999998
1869 556.179775272 469.44797262
1870 281.15290671599996 127.03468489799997
1871 371.753786052 256.003908138
1872 206.350757184 99.30630190800002
1873 263.742061572 59.003419662
1874 583.585735194 348.86174888399995
1875 225.373717668 432.369320988
1876 149.28187592999998 212.47679527799997
1877 285.344406468 209.574987798
1878 176.365412784 272.76990721199996
1879 575.20273569 383.038593036
1880 315.652173936 80.60576455799998
1881 609.379579842 359.501709798
1882 469.770395688 551.343429384
1883 581.651196852 354.342940908
1884 293.082559836 608.412310704
1885 284.699560332 407.542745478
1886 287.27894481 173.46360530399997
1887 431.402051784 495.564240336
1888 594.548119176 374.9780166
1889 415.92574498199997 572.623351278
1890 248.588177838 117.36199318800003
1891 217.63556423400001 156.05276016
1892 205.705911114 469.44797262
1893 279.540791376 328.54909626
1894 428.82266730599997 257.29360041
1895 429.46751344200004 487.826086968
1896 302.432828544 179.912066466
1897 368.529555438 589.711773354
1898 443.00928190199994 478.4758182599999
1899 428.17782117 491.050317516
1900 139.931607222 360.46897900199997
1901 377.557401078 191.19687345
1902 137.02979967599998 385.61797751399996
1903 194.421104064 129.291646308
1904 496.85393260800004 430.112359578
1905 445.266243312 253.10210065799998
1906 120.908646804 401.739130452
1907 411.411822162 588.422081082
1908 239.560332198 182.16902787600003
1909 278.573522238 213.76648755
1910 526.51685394 419.794821666
1911 443.00928190199994 147.669760656
1912 210.86468000399998 322.42305816600003
1913 576.81485103 444.62139717599996
1914 175.39814364600002 287.601367878
1915 192.80898879000003 136.062530538
1916 166.04787493799998 287.27894481000004
1917 295.01709817799997 132.51587692199996
1918 481.05520273800005 537.80166099
1919 359.501709798 221.18221785000003
1920 235.691255514 518.7787005060001
1921 349.50659502 183.458720082
1922 168.304836348 282.442598922
1923 191.519296518 300.498290202
1924 442.042012698 512.97508548
1925 108.01172448000001 402.70639959
1926 317.26428921 620.664386892
1927 402.383976522 129.291646308
1928 219.892525644 356.27747925
1929 421.406937006 255.68148506999998
1930 319.84367368799997 221.504640918
1931 176.365412784 117.68441619000001
1932 150.249145068 221.18221785000003
1933 309.84855884399997 80.92818756000003
1934 381.74890083 602.9311186799999
1935 199.902296022 75.44699560200002
1936 142.5109917 364.338055686
1937 232.78944796800002 57.71372738999999
1938 160.244259912 138.641915016
1939 287.923790946 592.291157766
1940 290.825598426 252.77967759
1941 164.758182732 167.337567144
1942 147.669760656 144.445530042
1943 595.192965312 387.552515856
1944 388.842208128 426.243282828
1945 527.806546146 280.830483648
1946 595.51538838 351.44113336199996
1947 313.072789458 432.04689792000005
1948 425.598436758 234.72398631
1949 153.473375682 365.95017096
1950 216.668295096 55.13434291199998
1951 305.334636024 96.08207129399997
1952 154.118221818 129.291646308
1953 245.041524156 96.72691743000001
1954 311.460674184 424.30874448599997
1955 365.62774789199995 261.162677094
1956 228.59794821600002 353.375671704
1957 286.634098674 343.05813385799996
1958 150.893991204 233.43429410399997
1959 351.76355642999994 192.80898878999997
1960 321.133365894 334.67513435399997
1961 303.077674614 318.231558348
1962 205.061064978 144.76795311
1963 417.215437254 517.4890082999999
1964 156.05276016 320.166096756
1965 103.820224728 396.90278456399994
1966 197.32291161 116.07230091600002
1967 188.617489038 334.352711286
1968 221.504640918 192.486565722
1969 424.95359062200004 250.84513924800004
1970 342.413287722 225.05129459999998
1971 450.102589134 448.81289692800004
1972 267.288715188 233.43429410399997
1973 403.996091862 217.957987302
1974 232.46702489999998 526.51685394
1975 231.177332694 102.530532456
1976 179.58964339800002 353.05324863600003
1977 167.659990212 300.498290202
1978 381.74890083 429.145090374
1979 317.586712278 77.381533944
1980 258.90571568400003 134.772838332
1981 416.893014186 252.77967759
1982 421.72936000799996 260.51783095800005
1983 397.870053768 200.22471909000004
1984 292.760136768 269.22325353
1985 169.272105552 386.26282365
1986 269.22325352999997 144.12310697400002
1987 242.784562746 119.29653153000001
1988 141.221299494 307.91402050199997
1989 174.75329751 136.707376674
1990 482.667318012 409.799706888
1991 447.523204722 477.508549122
1992 482.022471942 403.996091862
1993 356.922325386 306.946751364
1994 423.34147534799996 509.750854932
1995 195.0659502 346.927210542
1996 144.123106974 273.092330214
1997 533.610161238 274.059599418
1998 223.116756258 64.16218855200002
1999 179.26722033 456.87347336400006
2000 193.45383486000003 119.61895459799999
2001 543.282852948 411.08939909400004
2002 427.855398168 494.919394266
2003 545.21739129 423.341475348
2004 295.01709817799997 85.764533448
2005 261.80752323 193.776257928
2006 223.116756258 427.5329751
2007 206.02833411600002 307.269174432
2008 436.883243742 510.395701002
2009 107.044455276 435.593551536
2010 206.02833411600002 330.161211534
2011 387.23009278800004 236.65852465200004
2012 214.088910618 364.660478754
2013 432.69174398999996 155.40791402400004
2014 339.833903244 128.96922324000002
2015 362.725940412 190.874450448
2016 422.696629212 485.891548626
2017 146.057645316 325.647288714
2018 338.22178797000004 92.857840746
2019 347.894479746 309.203712774
2020 294.69467511 341.123595516
2021 296.30679045 247.29848556599998
2022 320.166096756 58.680996594000014
2023 446.23351245000003 463.321934526
2024 384.00586223999994 89.31118713000004
2025 568.43185146 278.25109917
2026 447.523204722 234.401563242
2027 172.173913032 275.67171469199997
2028 561.983390298 457.19589643200004
2029 95.75964829200001 393.356130948
2030 519.7459697099999 403.351245726
2031 424.95359062200004 468.80312655
2032 395.93551536 102.85295552399998
2033 304.044943818 132.51587692199996
2034 217.63556423400001 100.27357111199997
2035 297.596482656 83.50757203799996
2036 332.09574987599996 411.73424523
2037 284.377137264 68.67611137200001
2038 404.640937932 409.15486075200005
2039 206.350757184 362.403517344
2040 492.662432856 533.28773817
2041 207.318026388 465.57889593600004
2042 287.923790946 92.21299461000002
2043 277.60625303399996 82.54030290000001
2044 230.532486558 166.69272107400002
2045 297.274059588 195.388373202
2046 226.340986806 202.48168049999998
2047 162.501221322 334.99755742199994
2048 541.348314606 417.215437254
2049 181.52418174000002 449.457743064
2050 316.297020006 138.31949194799995
2051 216.02344896000002 324.68001950999997
2052 425.598436758 507.171470454
2053 256.971177342 233.111871036
2054 206.02833411600002 227.95310207999998
2055 378.52467028200005 430.112359578
2056 371.108939916 333.38544208200005
2057 417.215437254 579.07181244
2058 197.64533461200003 145.735222248
2059 161.856375186 448.81289692800004
2060 337.899364902 80.60576455799998
2061 309.526135776 488.47093310400004
2062 150.571568136 386.58524671800006
2063 333.38544208199994 217.63556423400001
2064 295.339521246 264.386907642
2065 179.912066466 64.80703468799999
2066 295.661944314 170.56179775799995
2067 313.39521252599997 262.4523693
2068 275.671714692 597.77234979
2069 150.249145068 329.838788466
2070 215.701025892 412.379091366
2071 140.898876426 253.42452372599996
2072 181.52418174000002 296.629213452
2073 138.641915016 364.338055686
2074 287.601367878 251.48998531799998
2075 250.200293112 418.50512946
2076 566.497313118 393.67855395
2077 561.338544228 461.064973116
2078 183.78114315000002 54.16707377400003
2079 346.282364406 179.58964339800002
2080 265.031753778 411.73424523
2081 429.145090374 227.95310207999998
2082 95.437225224 377.879824146
2083 205.061064978 304.04494381800004
2084 255.68148506999998 58.03615045799997
2085 381.10405469399996 424.953590622
2086 222.149487054 67.386419166
2087 570.0439668 416.893014186
2088 430.112359578 469.125549552
2089 113.815339506 420.76209087
2090 337.899364902 96.72691743000001
2091 555.212506134 292.76013676800005
2092 271.802638008 212.154372276
2093 234.07914017399997 515.554469958
2094 571.978505142 300.82071327
2095 366.91744016399997 304.367366886
2096 372.076209054 565.5300439800001
2097 552.955544724 425.920859826
2098 146.380068384 322.100635098
2099 122.19833901 413.02393750199997
2100 296.95163652 175.07572057800002
2101 549.4088910419999 491.69516365199996
2102 304.689789954 509.10600879599997
2103 219.892525644 185.070835356
2104 119.618954598 410.44455302399996
2105 287.27894481 621.309233028
2106 273.092330214 148.31460672600002
2107 417.537860256 248.588177838
2108 365.30532489 561.660967296
2109 533.93258424 279.540791376
2110 158.95456764 87.05422572
2111 209.897410866 452.359550544
2112 453.649242816 178.62237419399997
2113 386.907669786 201.83683436400003
2114 317.26428921 502.979970702
2115 425.27601369 256.648754274
2116 378.52467028200005 203.12652663600002
2117 553.922813862 289.53590622
2118 149.28187592999998 109.30141668600001
2119 401.739130452 599.0620419960001
2120 359.501709798 255.68148506999998
2121 390.131900334 96.72691743000001
2122 481.377625806 550.053737178
2123 427.855398168 143.47826083799998
2124 443.00928190199994 374.655593532
2125 268.578407394 242.46213974400004
2126 349.50659502 331.773326808
2127 296.95163652 510.395701002
2128 217.63556423400001 336.932095764
2129 185.070835356 218.60283343800003
2130 305.657059092 228.27552514800004
2131 540.381045402 499.43331702
2132 265.35417684600003 236.33610158399998
2133 252.134831454 192.80898878999997
2134 569.721543732 378.84709328400004
2135 288.891060084 581.9736199199999
2136 127.67953103400001 327.58182705599995
2137 399.159745974 574.235466552
2138 206.02833411600002 310.81582804799996
2139 295.01709817799997 455.90620422599994
2140 549.73131411 428.822667306
2141 297.596482656 475.57401078
2142 309.203712774 416.5705911179999
2143 191.519296518 78.34880314800002
2144 394.64582315399997 583.585735194
2145 352.730825568 332.41817294399993
2146 324.03517344 413.99120664000003
2147 516.844162164 418.50512946
2148 168.627259416 53.844650705999975
2149 174.108451374 302.43282854399996
2150 352.730825568 224.08402539600004
2151 209.897410866 174.43087444199998
2152 295.661944314 582.618466056
2153 150.249145068 127.03468489799997
2154 423.986321418 586.809965808
2155 115.749877848 424.63116755399994
2156 125.744992692 347.24963361000005
2157 213.121641414 360.79140207
2158 445.266243312 170.23937468999998
2159 203.126526636 333.06301908
2160 326.93698092 623.24377137
2161 184.103566218 270.51294580200005
2162 157.020029298 78.99364921799997
2163 284.699560332 233.43429410399997
2164 246.00879336 202.80410356799996
2165 301.143136272 574.235466552
2166 220.85979484799998 99.30630190800002
2167 470.415241824 396.257938428
2168 232.46702489999998 512.652662412
2169 214.41133368599998 226.018563738
2170 295.984367382 260.840254026
2171 512.652662412 538.7689301280001
2172 191.519296518 346.60478747400003
2173 344.347826064 86.73180265200001
2174 309.84855884399997 341.446018584
2175 112.848070368 392.38886174400005
2176 301.46555933999997 146.057645316
2177 330.161211534 625.50073278
2178 204.093795774 426.888128964
2179 109.946262822 382.393746966
2180 381.74890083 81.573033696
2181 452.359550544 480.410356602
2182 374.9780166 584.553004398
2183 326.614557918 416.24816804999995
2184 212.154372276 112.52564729999999
2185 232.78944796800002 522.970200324
2186 414.636052776 575.847581826
2187 606.1553492940001 357.889594524
2188 503.30239377 395.29066929000004
2189 158.632144572 311.460674184
2190 408.510014682 590.679042492
2191 346.282364406 90.92330240400003
2192 249.233023908 123.16560821400002
2193 493.629701994 432.369320988
2194 244.396678086 184.103566218
2195 445.266243312 470.737664892
2196 580.683927714 401.416707384
2197 526.194430872 415.280898846
2198 266.643869052 174.75329750999998
2199 199.579872954 302.110405476
2200 555.212506134 415.603321914
2201 379.49193942 581.006350782
2202 537.156814854 274.059599418
2203 284.699560332 589.711773354
2204 133.48314606 230.21006349
2205 206.67318025199998 322.42305816600003
2206 368.20713237 192.80898878999997
2207 541.348314606 420.76209087
2208 434.9487054 241.17244747200002
2209 384.00586223999994 277.928676102
2210 223.761602328 55.13434291199998
2211 133.160722992 387.552515856
2212 459.77528091 187.97264290200002
2213 198.935026884 230.21006349
2214 295.339521246 185.393258424
2215 427.210552032 238.270639992
2216 571.3336590060001 382.071323898
2217 383.361016104 236.33610158399998
2218 321.455788962 343.702979994
2219 179.912066466 453.649242816
2220 544.250122152 278.89594530600004
2221 580.361504646 285.66682953599997
2222 437.528089878 500.723009292
2223 151.216414272 141.866145564
2224 562.950659502 474.284318508
2225 468.158280414 541.6707376740001
2226 273.414753282 175.07572057800002
2227 597.127503654 354.342940908
2228 499.755740088 552.6331216560001
2229 350.473864224 62.550073278000035
2230 267.288715188 194.74352713200003
2231 218.92525644 164.435759664
2232 173.14118223600002 309.848558844
2233 240.205178334 517.8114313680001
2234 567.142159254 458.163165636
2235 275.026868556 113.17049343600003
2236 266.32144604999996 420.117244734
2237 382.393746966 86.08695651599997
2238 366.91744016399997 182.491450878
2239 308.23644357 467.835857346
2240 210.542256936 470.09281875600004
2241 150.249145068 325.32486564600003
2242 446.878358586 374.010747462
2243 589.389350286 363.69320955
2244 216.02344896000002 343.38055692599994
2245 161.533952118 146.057645316
2246 377.879824146 426.565705896
2247 254.391792864 107.68930141200002
2248 187.005373698 246.33121642799998
2249 516.521739162 550.698583314
2250 480.087933534 396.90278456399994
2251 341.446018584 412.379091366
2252 581.9736199199999 385.295554446
2253 290.18075229 170.88422082600002
2254 402.383976522 579.71665851
2255 289.858329288 135.09526133399999
2256 520.068392778 409.799706888
2257 385.940400582 85.764533448
2258 275.99413776 151.21641427200004
2259 132.515876922 284.37713726400005
2260 326.29213485 312.105520254
2261 577.782120168 391.744015608
2262 551.021006382 274.704445554
2263 137.02979967599998 282.76502199
2264 285.666829536 129.291646308
2265 290.18075229 578.749389372
2266 583.263312192 287.601367878
2267 96.72691743000001 388.842208128
2268 579.07181244 432.04689792000005
2269 290.503175358 342.413287722
2270 190.874450448 460.097703978
2271 209.25256473 425.27601369
2272 563.917928706 407.22032241
2273 354.98778697800003 619.052271618
2274 154.44064482 416.5705911179999
2275 177.97752805800002 405.930630204
2276 178.62237419399997 405.930630204
2277 191.19687345 402.06155351999996
2278 220.85979484799998 463.644357594
2279 221.504640918 463.644357594
2280 229.56521742 465.25647286800006
2281 230.21006349 465.25647286800006
2282 246.331216428 460.097703978
2283 253.10210065799998 454.938935022
2284 262.129946232 447.20078165399997
2285 246.976062498 498.78847095
2286 255.35906206800001 502.012701498
2287 277.928676102 504.59208597599996
2288 279.540791376 501.04543236
2289 285.666829536 499.43331702
2290 246.331216428 542.96042988
2291 268.255984392 537.479237922
2292 275.349291624 541.025891538
2293 276.638983896 541.6707376740001
2294 277.283829966 541.6707376740001
2295 280.830483648 542.96042988
2296 286.634098674 541.025891538
2297 292.115290698 542.31558381
2298 304.044943818 539.736199332
2299 308.881289706 541.025891538
2300 309.84855884399997 535.5446995799999
2301 312.427943322 522.00293112
2302 313.072789458 520.713238914
2303 327.581827056 489.76062531
2304 336.287249628 493.30727892600004
2305 346.282364406 495.886663404
2306 357.24474838799995 501.04543236
2307 357.889594524 501.367855428
2308 358.53444066 501.367855428
2309 367.23986323199995 504.269662908
2310 376.912554942 508.783585728
2311 377.557401078 508.783585728
2312 387.552515856 506.20420125
2313 388.19736199199997 506.20420125
2314 390.454323402 503.94723984
2315 391.744015608 503.30239377
2316 392.388861744 503.30239377
2317 406.253053272 502.012701498
2318 323.067904236 455.58378115799997
2319 338.22178797000004 460.742550048
2320 349.18417195200004 456.55105029599997
2321 350.473864224 457.19589643200004
2322 351.118710294 457.19589643200004
2323 358.53444066 460.097703978
2324 370.786516848 455.58378115799997
2325 385.295554446 459.77528091000005
2326 386.585246718 459.130434774
2327 387.23009278800004 459.130434774
2328 409.154860752 453.00439667999996
2329 419.794821666 455.58378115799997
2330 453.00439668 497.17635561
2331 454.29408888600005 497.821201746
2332 454.938935022 497.821201746
2333 467.835857346 500.078163156
2334 471.382510962 499.755740088
2335 482.667318012 502.979970702
2336 484.924279422 506.526624318
2337 486.53639469600006 507.171470454
2338 474.606741576 459.77528091000005
2339 474.606741576 459.130434774
2340 476.21885685 455.90620422599994
2341 477.508549122 455.26135809
2342 478.15339519200006 455.26135809
2343 490.083048378 450.74743527
2344 497.82120174600004 454.938935022
2345 498.466047882 455.26135809
2346 499.11089401799995 454.938935022
2347 500.078163156 455.90620422599994
2348 500.72300929200003 455.90620422599994
2349 507.81631659000004 460.097703978
2350 509.106008796 460.742550048
2351 509.750854932 460.742550048
2352 513.297508548 462.03224232
2353 536.511968718 458.163165636
2354 477.508549122 465.901319004
2355 478.15339519200006 467.19101120999994
2356 478.15339519200006 471.06008796000003
2357 481.05520273800005 475.57401078
2358 481.700048874 475.89643378200003
2359 482.34489494400003 475.89643378200003
2360 494.919394266 484.92427942200004
2361 495.564240336 484.92427942200004
2362 501.04543236 489.76062531
2363 501.04543236 490.405471446
2364 497.17635561 502.657547634
2365 495.886663404 503.30239377
2366 504.59208597599996 494.919394266
2367 505.23693211200003 494.919394266
2368 519.101123574 497.17635561
2369 525.227161668 495.24181726800003
2370 328.871519328 515.554469958
2371 329.516365398 515.876893026
2372 330.161211534 515.876893026
2373 339.511480242 522.00293112
2374 341.446018584 523.615046394
2375 342.09086465400003 523.937469462
2376 342.73571079 523.937469462
2377 354.02051783999997 525.227161668
2378 361.43624814 527.484123078
2379 367.56228630000004 531.6756228300001
2380 372.398632122 539.413776264
2381 372.72105518999996 540.0586224
2382 372.72105518999996 540.70346847
2383 381.10405469399996 545.862237426
2384 391.42159260600005 539.413776264
2385 392.71128481200003 538.7689301280001
2386 393.356130948 538.7689301280001
2387 434.626282332 536.834391786
2388 442.364435766 539.736199332
2389 447.20078165399997 541.993160742
2390 447.20078165399997 542.638006812
2391 449.457743064 545.539814358
2392 450.74743527 546.184660494
2393 451.392281406 546.184660494
2394 420.439667802 538.44650706
2395 425.27601369 537.156814854
2396 430.112359578 536.511968718
2397 431.402051784 537.156814854
2398 433.33659012600003 537.156814854
2399 277.60625303399996 443.97655104
2400 428.500244238 575.20273569
2401 433.659013194 573.590620416
2402 445.266243312 571.978505142
2403 460.097703978 570.3663898679999
2404 466.223742072 574.880312622
2405 466.86858820799995 575.20273569
2406 467.513434278 575.20273569
2407 412.056668298 423.341475348
2408 418.50512946 419.47239866399997
2409 419.149975596 419.47239866399997
2410 423.01905228 418.182706392
2411 425.92085982599997 417.215437254
2412 435.27112846800003 414.63605277600004
2413 442.042012698 414.313629708
2414 442.68685883399996 414.63605277600004
2415 443.331704904 414.63605277600004
2416 443.654127972 414.63605277600004
2417 444.298974108 414.63605277600004
2418 449.780166066 412.379091366
2419 453.649242816 413.34636050399996
2420 461.709819252 411.73424523
2421 462.354665388 411.73424523
2422 465.901319004 408.832437684
2423 466.54616513999997 408.832437684
2424 481.700048874 376.912554942
2425 482.98974108 376.267708872
2426 483.634587216 376.267708872
2427 503.624816838 371.108939916
2428 512.652662412 367.56228630000004
2429 558.4367366820001 385.295554446
2430 550.698583314 381.10405469400007
2431 549.4088910419999 380.459208624
2432 548.764044972 380.459208624
2433 535.222276512 372.076209054
2434 534.577430376 371.75378605199995
2435 533.93258424 371.75378605199995
2436 525.5495847359999 371.108939916
2437 514.5872007539999 364.98290182200003
2438 516.521739162 362.081094276
2439 516.521739162 360.146555934
2440 522.325354188 349.829018088
2441 522.325354188 349.18417195199993
2442 525.227161668 339.833903244
2443 529.096238418 330.161211534
2444 530.7083536920001 319.843673688
2445 530.7083536920001 301.143136272
2446 510.07327799999996 304.04494381800004
2447 509.428431864 305.33463602399996
2448 509.428431864 305.97948216000003
2449 497.49877867799995 323.067904236
2450 488.148510036 332.09574987599996
2451 488.148510036 332.740596012
2452 485.891548626 342.73571079
2453 483.31216414799997 353.375671704
2454 481.700048874 356.27747925
2455 481.05520273800005 357.5671714559999
2456 481.05520273800005 358.212017592
2457 476.863702986 364.015632618
2458 476.541279918 364.660478754
2459 476.541279918 365.30532489
2460 474.284318508 373.688324394
2461 480.73277966999996 377.557401078
2462 249.233023908 583.908158262
2463 249.877870044 583.585735194
2464 250.200293112 583.263312192
2465 250.84513924799998 582.940889124
2466 251.16756231600002 582.618466056
2467 251.81240838600002 582.2960429880001
2468 252.77967759 581.328773784
2469 253.10210065799998 581.328773784
2470 254.06936979600002 580.361504646
2471 255.03663899999998 580.039081578
2472 255.35906206800001 579.3942354420001
2473 256.003908138 579.3942354420001
2474 256.326331206 578.749389372
2475 256.971177342 579.07181244
2476 259.228138752 578.104543236
2477 260.19540789 577.137274032
2478 248.26575477000003 584.23058133
2479 240.850024404 579.3942354420001
2480 240.205178334 579.3942354420001
2481 236.336101584 576.1700048939999
2482 232.144601832 564.562774776
2483 232.144601832 554.567659998
2484 233.111871036 553.600390794
2485 233.111871036 552.3106985879999
2486 233.756717172 550.698583314
2487 234.401563242 550.053737178
2488 234.401563242 548.119198836
2489 165.080605734 374.010747462
2490 169.916951622 372.076209054
2491 176.365412784 375.62286273600006
2492 177.01025891999998 375.94528580400004
2493 177.655105056 375.94528580400004
2494 185.715681492 381.10405469400007
2495 187.005373698 381.74890083
2496 193.131411792 381.74890083
2497 199.257449952 383.038593036
2498 369.496824642 573.913043484
2499 368.851978506 573.913043484
2500 356.27747925 568.43185146
2501 355.632633114 568.1094284579999
2502 354.98778697800003 568.1094284579999
2503 351.44113336199996 566.174890116
2504 348.86174888399995 558.4367366820001
2505 347.572056678 551.343429384
2506 335.64240349199997 561.01612116
2507 334.99755742200006 562.3058133659999
2508 334.99755742200006 562.950659502
2509 333.70786515000003 564.885197844
2510 333.06301908 564.885197844
2511 331.45090374 565.5300439800001
2512 327.581827056 565.5300439800001
2513 324.35759650800003 571.011235938
2514 324.35759650800003 571.656082074
2515 323.712750372 575.847581826
2516 320.166096756 577.137274032
2517 316.619443074 580.039081578
2518 315.974597004 581.328773784
2519 315.974597004 581.9736199199999
2520 265.676599914 577.137274032
2521 275.349291624 575.847581826
2522 547.4743527 415.92574498199997
2523 546.829506564 415.92574498199997
2524 469.125549552 394.96824622200006
2525 570.0439668 421.72936000799996
2526 541.993160742 458.48558863799997
2527 311.138251116 447.20078165399997
2528 292.115290698 453.00439667999996
2529 291.470444562 452.681973612
2530 285.98925253799996 447.52320472199995
2531 284.699560332 446.878358586
2532 295.661944314 413.34636050399996
2533 296.30679045 413.66878357199994
2534 296.95163652 414.313629708
2535 301.787982408 416.893014186
2536 307.914020502 417.215437254
2537 308.881289706 416.893014186
2538 277.283829966 406.897899342
2539 266.643869052 419.149975596
2540 266.32144604999996 419.794821666
2541 341.768441652 412.701514434
2542 342.413287722 413.02393750199997
2543 343.05813385799996 413.02393750199997
2544 357.56717145600004 419.149975596
2545 370.46409378 419.149975596
2546 598.094772858 326.29213484999997
2547 598.094772858 325.647288714
2548 599.384465064 322.745481168
2549 596.482657518 319.843673688
2550 595.51538838 311.13825111600005
2551 595.51538838 307.591597434
2552 592.936003902 305.01221302199997
2553 592.291157766 304.689789954
2554 591.646311696 304.689789954
2555 105.75476307 421.72936000799996
2556 98.98387884 392.06643867599996
2557 97.69418663399999 392.71128481200003
2558 97.04934049799999 392.71128481200003
2559 90.278456268 362.725940412
2560 89.9560332 363.37078654799996
2561 89.9560332 364.015632618
2562 567.78700539 433.981436262
2563 557.469467544 482.98974108
2564 557.791890546 482.34489494400003
2565 558.75915975 481.377625806
2566 491.372740584 544.250122152
2567 413.02393750199997 525.5495847359999
2568 414.313629708 524.9047386660001
2569 219.570102576 486.213971694
2570 218.92525644 485.891548626
2571 218.28041037 485.891548626
2572 89.31118713 365.62774789199995
2573 95.114802156 396.90278456399994
2574 276.31656082800004 157.02002929800003
2575 274.382022486 157.98729850199996
2576 273.73717635 157.98729850199996
2577 304.689789954 158.95456764
2578 306.624328296 157.98729850199996
2579 307.269174432 157.98729850199996
2580 364.33805568599996 77.381533944
2581 364.660478754 76.73668780800003
2582 364.660478754 76.41426480599998
2583 370.46409378 76.41426480599998
2584 215.378602824 388.842208128
2585 216.668295096 389.48705419800007
2586 217.313141166 389.48705419800007
2587 224.084025396 392.38886174400005
2588 215.701025892 400.44943817999996
2589 206.99560332000001 444.298974108
2590 207.962872524 428.17782117
2591 337.57694183399997 312.427943322
2592 288.891060084 621.9540791640001
2593 287.601367878 621.309233028
2594 328.54909626 624.855886644
2595 329.19394233 625.178309712
2596 329.516365398 625.50073278
2597 393.356130948 603.898387884
2598 393.03370788 604.54323402
2599 364.98290182200003 619.052271618
2600 369.496824642 608.089887636
2601 370.141670712 607.4450415
